"DT_GERACAO";"HH_GERACAO";"ANO_ELEICAO";"CD_TIPO_ELEICAO";"NM_TIPO_ELEICAO";"CD_ELEICAO";"DS_ELEICAO";"DT_ELEICAO";"SG_UF";"SG_UE";"NM_UE";"SQ_CANDIDATO";"NR_ORDEM_BEM_CANDIDATO";"CD_TIPO_BEM_CANDIDATO";"DS_TIPO_BEM_CANDIDATO";"DS_BEM_CANDIDATO";"VR_BEM_CANDIDATO";"DT_ULT_ATUAL_BEM_CANDIDATO";"HH_ULT_ATUAL_BEM_CANDIDATO"
"13/11/2024";"10:55:11";2018;2;"Eleição Ordinária";297;"Eleições Gerais Estaduais 2018";"07/10/2018";"AC";"AC";"ACRE";10000608398;5;79;"Outros fundos";"#NULO#";"139,24";"28/01/2019";"16:33:19"
"13/11/2024";"10:55:11";2018;2;"Eleição Ordinária";297;"Eleições Gerais Estaduais 2018";"07/10/2018";"AC";"AC";"ACRE";10000608402;17;71;"Fundo de Curto Prazo";"Fundo de Investimento 6800";"1915433,09";"28/01/2019";"16:33:05"
"13/11/2024";"10:55:11";2018;2;"Eleição Ordinária";297;"Eleições Gerais Estaduais 2018";"07/10/2018";"AC";"AC";"ACRE";10000610677;6;79;"Outros fundos";"#NULO#";"122,97";"28/01/2019";"16:34:17"
"13/11/2024";"10:55:11";2018;2;"Eleição Ordinária";297;"Eleições Gerais Estaduais 2018";"07/10/2018";"AC";"AC";"ACRE";10000610677;7;79;"Outros fundos";"#NULO#";"26400,00";"28/01/2019";"16:34:17"
"13/11/2024";"10:55:11";2018;2;"Eleição Ordinária";297;"Eleições Gerais Estaduais 2018";"07/10/2018";"AC";"AC";"ACRE";10000610677;8;79;"Outros fundos";"#NULO#";"2171,92";"28/01/2019";"16:34:17"
"13/11/2024";"10:55:11";2018;2;"Eleição Ordinária";297;"Eleições Gerais Estaduais 2018";"07/10/2018";"AC";"AC";"ACRE";10000624289;16;79;"Outros fundos";"#NULO#";"228912,02";"28/01/2019";"16:34:43"
"13/11/2024";"10:55:11";2018;2;"Eleição Ordinária";297;"Eleições Gerais Estaduais 2018";"07/10/2018";"AC";"AC";"ACRE";10000608398;3;21;"Veículo automotor terrestre: caminhão, automóvel, moto, etc.";"#NULO#";"45000,00";"28/01/2019";"16:33:19"
"13/11/2024";"10:55:11";2018;2;"Eleição Ordinária";297;"Eleições Gerais Estaduais 2018";"07/10/2018";"AC";"AC";"ACRE";10000608399;1;21;"Veículo automotor terrestre: caminhão, automóvel, moto, etc.";"#NULO#";"34000,00";"28/01/2019";"16:33:04"
"13/11/2024";"10:55:11";2018;2;"Eleição Ordinária";297;"Eleições Gerais Estaduais 2018";"07/10/2018";"AC";"AC";"ACRE";10000608399;2;12;"Casa";"#NULO#";"152755,00";"28/01/2019";"16:33:04"
"13/11/2024";"10:55:11";2018;2;"Eleição Ordinária";297;"Eleições Gerais Estaduais 2018";"07/10/2018";"AC";"AC";"ACRE";10000608400;1;12;"Casa";"#NULO#";"50000,00";"28/01/2019";"16:33:14"
"13/11/2024";"10:55:11";2018;2;"Eleição Ordinária";297;"Eleições Gerais Estaduais 2018";"07/10/2018";"AC";"AC";"ACRE";10000608400;2;12;"Casa";"#NULO#";"160000,00";"28/01/2019";"16:33:14"
"13/11/2024";"10:55:11";2018;2;"Eleição Ordinária";297;"Eleições Gerais Estaduais 2018";"07/10/2018";"AC";"AC";"ACRE";10000608400;11;21;"Veículo automotor terrestre: caminhão, automóvel, moto, etc.";"#NULO#";"35000,00";"28/01/2019";"16:33:14"
"13/11/2024";"10:55:11";2018;2;"Eleição Ordinária";297;"Eleições Gerais Estaduais 2018";"07/10/2018";"AC";"AC";"ACRE";10000608402;2;12;"Casa";"01 (um) imóvel residencial em alvenaria medindo 150 m2  na Rua Siqueira Campos em Cruzeiro do Sul - AC";"25200,00";"28/01/2019";"16:33:05"
"13/11/2024";"10:55:11";2018;2;"Eleição Ordinária";297;"Eleições Gerais Estaduais 2018";"07/10/2018";"AC";"AC";"ACRE";10000608402;3;12;"Casa";"01 (um) imóvel residencial em alvenaria medindo 140 m2  com 2 (dois) terrenos na Avenida 15 de Novembro em  Cruzeiro do Sul ¿ AC";"28800,00";"28/01/2019";"16:33:05"
"13/11/2024";"10:55:11";2018;2;"Eleição Ordinária";297;"Eleições Gerais Estaduais 2018";"07/10/2018";"AC";"AC";"ACRE";10000608402;4;12;"Casa";"01 (um) imóvel residencial em alvenaria medindo 300 m2  na Rua Espírito Santo em Cruzeiro do Sul - AC";"45800,00";"28/01/2019";"16:33:05"
"13/11/2024";"10:55:11";2018;2;"Eleição Ordinária";297;"Eleições Gerais Estaduais 2018";"07/10/2018";"AC";"AC";"ACRE";10000608402;5;12;"Casa";"01 (um) imóvel residencial em alvenaria na Rua Camburiu,  lotes 09, 10 e 11 da quadra 15 do Loteamento Village  Waldemar Maciel, conforme registro no Tabelionato de  Notas de Senador Guiomard Livro 8,";"108450,00";"28/01/2019";"16:33:05"
"13/11/2024";"10:55:11";2018;2;"Eleição Ordinária";297;"Eleições Gerais Estaduais 2018";"07/10/2018";"AC";"AC";"ACRE";10000608402;13;21;"Veículo automotor terrestre: caminhão, automóvel, moto, etc.";"01 (um) automóvel F 400 4 x 4 renavam 028195763D ano  2010/2011 placa MZY 6191";"90000,00";"28/01/2019";"16:33:05"
"13/11/2024";"10:55:11";2018;2;"Eleição Ordinária";297;"Eleições Gerais Estaduais 2018";"07/10/2018";"AC";"AC";"ACRE";10000608404;1;12;"Casa";"#NULO#";"750000,00";"28/01/2019";"16:33:16"
"13/11/2024";"10:55:11";2018;2;"Eleição Ordinária";297;"Eleições Gerais Estaduais 2018";"07/10/2018";"AC";"AC";"ACRE";10000608404;2;21;"Veículo automotor terrestre: caminhão, automóvel, moto, etc.";"#NULO#";"30800,00";"28/01/2019";"16:33:16"
"13/11/2024";"10:55:11";2018;2;"Eleição Ordinária";297;"Eleições Gerais Estaduais 2018";"07/10/2018";"AC";"AC";"ACRE";10000610623;2;12;"Casa";"#NULO#";"25000,00";"28/01/2019";"16:34:11"
"13/11/2024";"10:55:11";2018;2;"Eleição Ordinária";297;"Eleições Gerais Estaduais 2018";"07/10/2018";"AC";"AC";"ACRE";10000610621;1;12;"Casa";"#NULO#";"170000,00";"28/01/2019";"16:33:55"
"13/11/2024";"10:55:11";2018;2;"Eleição Ordinária";297;"Eleições Gerais Estaduais 2018";"07/10/2018";"AC";"AC";"ACRE";10000610621;2;21;"Veículo automotor terrestre: caminhão, automóvel, moto, etc.";"#NULO#";"100000,00";"28/01/2019";"16:33:55"
"13/11/2024";"10:55:11";2018;2;"Eleição Ordinária";297;"Eleições Gerais Estaduais 2018";"07/10/2018";"AC";"AC";"ACRE";10000610623;1;21;"Veículo automotor terrestre: caminhão, automóvel, moto, etc.";"#NULO#";"4000,00";"28/01/2019";"16:34:11"
"13/11/2024";"10:55:11";2018;2;"Eleição Ordinária";297;"Eleições Gerais Estaduais 2018";"07/10/2018";"AC";"AC";"ACRE";10000610624;1;12;"Casa";"#NULO#";"60000,00";"28/01/2019";"16:33:55"
"13/11/2024";"10:55:11";2018;2;"Eleição Ordinária";297;"Eleições Gerais Estaduais 2018";"07/10/2018";"AC";"AC";"ACRE";10000610624;2;21;"Veículo automotor terrestre: caminhão, automóvel, moto, etc.";"#NULO#";"3000,00";"28/01/2019";"16:33:55"
"13/11/2024";"10:55:11";2018;2;"Eleição Ordinária";297;"Eleições Gerais Estaduais 2018";"07/10/2018";"AC";"AC";"ACRE";10000610624;3;21;"Veículo automotor terrestre: caminhão, automóvel, moto, etc.";"#NULO#";"5000,00";"28/01/2019";"16:33:55"
"13/11/2024";"10:55:11";2018;2;"Eleição Ordinária";297;"Eleições Gerais Estaduais 2018";"07/10/2018";"AC";"AC";"ACRE";10000610624;4;21;"Veículo automotor terrestre: caminhão, automóvel, moto, etc.";"#NULO#";"16000,00";"28/01/2019";"16:33:55"
"13/11/2024";"10:55:11";2018;2;"Eleição Ordinária";297;"Eleições Gerais Estaduais 2018";"07/10/2018";"AC";"AC";"ACRE";10000610624;5;21;"Veículo automotor terrestre: caminhão, automóvel, moto, etc.";"#NULO#";"20000,00";"28/01/2019";"16:33:55"
"13/11/2024";"10:55:11";2018;2;"Eleição Ordinária";297;"Eleições Gerais Estaduais 2018";"07/10/2018";"AC";"AC";"ACRE";10000610625;1;12;"Casa";"#NULO#";"120000,00";"28/01/2019";"16:34:15"
"13/11/2024";"10:55:11";2018;2;"Eleição Ordinária";297;"Eleições Gerais Estaduais 2018";"07/10/2018";"AC";"AC";"ACRE";10000610625;2;21;"Veículo automotor terrestre: caminhão, automóvel, moto, etc.";"#NULO#";"23000,00";"28/01/2019";"16:34:15"
"13/11/2024";"10:55:11";2018;2;"Eleição Ordinária";297;"Eleições Gerais Estaduais 2018";"07/10/2018";"AC";"AC";"ACRE";10000610625;3;21;"Veículo automotor terrestre: caminhão, automóvel, moto, etc.";"#NULO#";"28000,00";"28/01/2019";"16:34:15"
"13/11/2024";"10:55:11";2018;2;"Eleição Ordinária";297;"Eleições Gerais Estaduais 2018";"07/10/2018";"AC";"AC";"ACRE";10000610625;5;12;"Casa";"#NULO#";"420000,00";"28/01/2019";"16:34:15"
"13/11/2024";"10:55:11";2018;2;"Eleição Ordinária";297;"Eleições Gerais Estaduais 2018";"07/10/2018";"AC";"AC";"ACRE";10000610625;6;21;"Veículo automotor terrestre: caminhão, automóvel, moto, etc.";"#NULO#";"55000,00";"28/01/2019";"16:34:15"
"13/11/2024";"10:55:11";2018;2;"Eleição Ordinária";297;"Eleições Gerais Estaduais 2018";"07/10/2018";"AC";"AC";"ACRE";10000610625;7;21;"Veículo automotor terrestre: caminhão, automóvel, moto, etc.";"#NULO#";"35000,00";"28/01/2019";"16:34:15"
"13/11/2024";"10:55:11";2018;2;"Eleição Ordinária";297;"Eleições Gerais Estaduais 2018";"07/10/2018";"AC";"AC";"ACRE";10000610629;2;21;"Veículo automotor terrestre: caminhão, automóvel, moto, etc.";"#NULO#";"70000,00";"28/01/2019";"16:34:26"
"13/11/2024";"10:55:11";2018;2;"Eleição Ordinária";297;"Eleições Gerais Estaduais 2018";"07/10/2018";"AC";"AC";"ACRE";10000610631;1;12;"Casa";"#NULO#";"175000,00";"28/01/2019";"16:34:34"
"13/11/2024";"10:55:11";2018;2;"Eleição Ordinária";297;"Eleições Gerais Estaduais 2018";"07/10/2018";"AC";"AC";"ACRE";10000610631;4;21;"Veículo automotor terrestre: caminhão, automóvel, moto, etc.";"#NULO#";"32000,00";"28/01/2019";"16:34:34"
"13/11/2024";"10:55:11";2018;2;"Eleição Ordinária";297;"Eleições Gerais Estaduais 2018";"07/10/2018";"AC";"AC";"ACRE";10000610631;5;21;"Veículo automotor terrestre: caminhão, automóvel, moto, etc.";"#NULO#";"35000,00";"28/01/2019";"16:34:34"
"13/11/2024";"10:55:11";2018;2;"Eleição Ordinária";297;"Eleições Gerais Estaduais 2018";"07/10/2018";"AC";"AC";"ACRE";10000610631;6;21;"Veículo automotor terrestre: caminhão, automóvel, moto, etc.";"#NULO#";"22000,00";"28/01/2019";"16:34:34"
"13/11/2024";"10:55:11";2018;2;"Eleição Ordinária";297;"Eleições Gerais Estaduais 2018";"07/10/2018";"AC";"AC";"ACRE";10000610631;7;21;"Veículo automotor terrestre: caminhão, automóvel, moto, etc.";"#NULO#";"46000,00";"28/01/2019";"16:34:34"
"13/11/2024";"10:55:11";2018;2;"Eleição Ordinária";297;"Eleições Gerais Estaduais 2018";"07/10/2018";"AC";"AC";"ACRE";10000610631;10;21;"Veículo automotor terrestre: caminhão, automóvel, moto, etc.";"#NULO#";"96900,00";"28/01/2019";"16:34:34"
"13/11/2024";"10:55:11";2018;2;"Eleição Ordinária";297;"Eleições Gerais Estaduais 2018";"07/10/2018";"AC";"AC";"ACRE";10000610632;1;12;"Casa";"#NULO#";"270000,00";"28/01/2019";"16:35:08"
"13/11/2024";"10:55:11";2018;2;"Eleição Ordinária";297;"Eleições Gerais Estaduais 2018";"07/10/2018";"AC";"AC";"ACRE";10000610633;1;12;"Casa";"#NULO#";"150000,00";"28/01/2019";"16:34:55"
"13/11/2024";"10:55:11";2018;2;"Eleição Ordinária";297;"Eleições Gerais Estaduais 2018";"07/10/2018";"AC";"AC";"ACRE";10000610634;1;21;"Veículo automotor terrestre: caminhão, automóvel, moto, etc.";"#NULO#";"40000,00";"28/01/2019";"16:34:26"
"13/11/2024";"10:55:11";2018;2;"Eleição Ordinária";297;"Eleições Gerais Estaduais 2018";"07/10/2018";"AC";"AC";"ACRE";10000610634;2;21;"Veículo automotor terrestre: caminhão, automóvel, moto, etc.";"#NULO#";"40000,00";"28/01/2019";"16:34:26"
"13/11/2024";"10:55:11";2018;2;"Eleição Ordinária";297;"Eleições Gerais Estaduais 2018";"07/10/2018";"AC";"AC";"ACRE";10000610634;6;21;"Veículo automotor terrestre: caminhão, automóvel, moto, etc.";"#NULO#";"56000,00";"28/01/2019";"16:34:26"
"13/11/2024";"10:55:11";2018;2;"Eleição Ordinária";297;"Eleições Gerais Estaduais 2018";"07/10/2018";"AC";"AC";"ACRE";10000610634;7;21;"Veículo automotor terrestre: caminhão, automóvel, moto, etc.";"#NULO#";"300000,00";"28/01/2019";"16:34:26"
"13/11/2024";"10:55:11";2018;2;"Eleição Ordinária";297;"Eleições Gerais Estaduais 2018";"07/10/2018";"AC";"AC";"ACRE";10000610634;8;21;"Veículo automotor terrestre: caminhão, automóvel, moto, etc.";"#NULO#";"95000,00";"28/01/2019";"16:34:26"
"13/11/2024";"10:55:11";2018;2;"Eleição Ordinária";297;"Eleições Gerais Estaduais 2018";"07/10/2018";"AC";"AC";"ACRE";10000610634;9;21;"Veículo automotor terrestre: caminhão, automóvel, moto, etc.";"#NULO#";"180000,00";"28/01/2019";"16:34:26"
"13/11/2024";"10:55:11";2018;2;"Eleição Ordinária";297;"Eleições Gerais Estaduais 2018";"07/10/2018";"AC";"AC";"ACRE";10000610638;1;12;"Casa";"#NULO#";"600000,00";"28/01/2019";"16:34:15"
"13/11/2024";"10:55:11";2018;2;"Eleição Ordinária";297;"Eleições Gerais Estaduais 2018";"07/10/2018";"AC";"AC";"ACRE";10000610638;3;21;"Veículo automotor terrestre: caminhão, automóvel, moto, etc.";"#NULO#";"8000,00";"28/01/2019";"16:34:15"
"13/11/2024";"10:55:11";2018;2;"Eleição Ordinária";297;"Eleições Gerais Estaduais 2018";"07/10/2018";"AC";"AC";"ACRE";10000610641;2;21;"Veículo automotor terrestre: caminhão, automóvel, moto, etc.";"#NULO#";"80000,00";"17/09/2018";"19:36:11"
"13/11/2024";"10:55:11";2018;2;"Eleição Ordinária";297;"Eleições Gerais Estaduais 2018";"07/10/2018";"AC";"AC";"ACRE";10000610641;3;12;"Casa";"#NULO#";"80000,00";"17/09/2018";"19:36:11"
"13/11/2024";"10:55:11";2018;2;"Eleição Ordinária";297;"Eleições Gerais Estaduais 2018";"07/10/2018";"AC";"AC";"ACRE";10000610652;6;21;"Veículo automotor terrestre: caminhão, automóvel, moto, etc.";"#NULO#";"110000,00";"28/01/2019";"16:33:55"
"13/11/2024";"10:55:11";2018;2;"Eleição Ordinária";297;"Eleições Gerais Estaduais 2018";"07/10/2018";"AC";"AC";"ACRE";10000610628;4;21;"Veículo automotor terrestre: caminhão, automóvel, moto, etc.";"#NULO#";"45000,00";"28/01/2019";"16:33:23"
"13/11/2024";"10:55:11";2018;2;"Eleição Ordinária";297;"Eleições Gerais Estaduais 2018";"07/10/2018";"AC";"AC";"ACRE";10000610650;1;12;"Casa";"#NULO#";"120000,00";"28/01/2019";"16:34:19"
"13/11/2024";"10:55:11";2018;2;"Eleição Ordinária";297;"Eleições Gerais Estaduais 2018";"07/10/2018";"AC";"AC";"ACRE";10000610650;2;21;"Veículo automotor terrestre: caminhão, automóvel, moto, etc.";"#NULO#";"23000,00";"28/01/2019";"16:34:19"
"13/11/2024";"10:55:11";2018;2;"Eleição Ordinária";297;"Eleições Gerais Estaduais 2018";"07/10/2018";"AC";"AC";"ACRE";10000610651;1;12;"Casa";"#NULO#";"200000,00";"28/01/2019";"16:34:12"
"13/11/2024";"10:55:11";2018;2;"Eleição Ordinária";297;"Eleições Gerais Estaduais 2018";"07/10/2018";"AC";"AC";"ACRE";10000610652;2;12;"Casa";"#NULO#";"250000,00";"28/01/2019";"16:33:55"
"13/11/2024";"10:55:11";2018;2;"Eleição Ordinária";297;"Eleições Gerais Estaduais 2018";"07/10/2018";"AC";"AC";"ACRE";10000610652;4;12;"Casa";"#NULO#";"100000,00";"28/01/2019";"16:33:55"
"13/11/2024";"10:55:11";2018;2;"Eleição Ordinária";297;"Eleições Gerais Estaduais 2018";"07/10/2018";"AC";"AC";"ACRE";10000610654;1;12;"Casa";"#NULO#";"75000,00";"28/01/2019";"16:33:56"
"13/11/2024";"10:55:11";2018;2;"Eleição Ordinária";297;"Eleições Gerais Estaduais 2018";"07/10/2018";"AC";"AC";"ACRE";10000610654;2;21;"Veículo automotor terrestre: caminhão, automóvel, moto, etc.";"#NULO#";"43000,00";"28/01/2019";"16:33:56"
"13/11/2024";"10:55:11";2018;2;"Eleição Ordinária";297;"Eleições Gerais Estaduais 2018";"07/10/2018";"AC";"AC";"ACRE";10000610654;3;21;"Veículo automotor terrestre: caminhão, automóvel, moto, etc.";"#NULO#";"13000,00";"28/01/2019";"16:33:56"
"13/11/2024";"10:55:11";2018;2;"Eleição Ordinária";297;"Eleições Gerais Estaduais 2018";"07/10/2018";"AC";"AC";"ACRE";10000610655;1;12;"Casa";"#NULO#";"100000,00";"28/01/2019";"16:33:56"
"13/11/2024";"10:55:11";2018;2;"Eleição Ordinária";297;"Eleições Gerais Estaduais 2018";"07/10/2018";"AC";"AC";"ACRE";10000610655;2;21;"Veículo automotor terrestre: caminhão, automóvel, moto, etc.";"#NULO#";"13000,00";"28/01/2019";"16:33:56"
"13/11/2024";"10:55:11";2018;2;"Eleição Ordinária";297;"Eleições Gerais Estaduais 2018";"07/10/2018";"AC";"AC";"ACRE";10000610660;1;12;"Casa";"#NULO#";"116940,57";"28/01/2019";"16:35:06"
"13/11/2024";"10:55:11";2018;2;"Eleição Ordinária";297;"Eleições Gerais Estaduais 2018";"07/10/2018";"AC";"AC";"ACRE";10000610662;1;12;"Casa";"#NULO#";"220000,00";"28/01/2019";"16:35:06"
"13/11/2024";"10:55:11";2018;2;"Eleição Ordinária";297;"Eleições Gerais Estaduais 2018";"07/10/2018";"AC";"AC";"ACRE";10000610667;1;12;"Casa";"#NULO#";"450000,00";"28/01/2019";"16:34:12"
"13/11/2024";"10:55:11";2018;2;"Eleição Ordinária";297;"Eleições Gerais Estaduais 2018";"07/10/2018";"AC";"AC";"ACRE";10000610667;4;21;"Veículo automotor terrestre: caminhão, automóvel, moto, etc.";"#NULO#";"18000,00";"28/01/2019";"16:34:12"
"13/11/2024";"10:55:11";2018;2;"Eleição Ordinária";297;"Eleições Gerais Estaduais 2018";"07/10/2018";"AC";"AC";"ACRE";10000610667;5;21;"Veículo automotor terrestre: caminhão, automóvel, moto, etc.";"#NULO#";"62000,00";"28/01/2019";"16:34:12"
"13/11/2024";"10:55:11";2018;2;"Eleição Ordinária";297;"Eleições Gerais Estaduais 2018";"07/10/2018";"AC";"AC";"ACRE";10000610667;6;21;"Veículo automotor terrestre: caminhão, automóvel, moto, etc.";"#NULO#";"63000,00";"28/01/2019";"16:34:12"
"13/11/2024";"10:55:11";2018;2;"Eleição Ordinária";297;"Eleições Gerais Estaduais 2018";"07/10/2018";"AC";"AC";"ACRE";10000610668;1;12;"Casa";"#NULO#";"250000,00";"28/01/2019";"16:34:32"
"13/11/2024";"10:55:11";2018;2;"Eleição Ordinária";297;"Eleições Gerais Estaduais 2018";"07/10/2018";"AC";"AC";"ACRE";10000610668;2;21;"Veículo automotor terrestre: caminhão, automóvel, moto, etc.";"#NULO#";"20000,00";"28/01/2019";"16:34:32"
"13/11/2024";"10:55:11";2018;2;"Eleição Ordinária";297;"Eleições Gerais Estaduais 2018";"07/10/2018";"AC";"AC";"ACRE";10000610669;1;12;"Casa";"#NULO#";"50000,00";"28/01/2019";"16:34:19"
"13/11/2024";"10:55:11";2018;2;"Eleição Ordinária";297;"Eleições Gerais Estaduais 2018";"07/10/2018";"AC";"AC";"ACRE";10000610672;1;21;"Veículo automotor terrestre: caminhão, automóvel, moto, etc.";"#NULO#";"3000,00";"28/01/2019";"16:34:32"
"13/11/2024";"10:55:11";2018;2;"Eleição Ordinária";297;"Eleições Gerais Estaduais 2018";"07/10/2018";"AC";"AC";"ACRE";10000610673;5;12;"Casa";"#NULO#";"34001,60";"28/01/2019";"16:33:22"
"13/11/2024";"10:55:11";2018;2;"Eleição Ordinária";297;"Eleições Gerais Estaduais 2018";"07/10/2018";"AC";"AC";"ACRE";10000610631;2;49;"Outras aplicações e Investimentos";"#NULO#";"34943,94";"28/01/2019";"16:34:34"
"13/11/2024";"10:55:11";2018;2;"Eleição Ordinária";297;"Eleições Gerais Estaduais 2018";"07/10/2018";"AC";"AC";"ACRE";10000610631;3;49;"Outras aplicações e Investimentos";"#NULO#";"9628,22";"28/01/2019";"16:34:34"
"13/11/2024";"10:55:11";2018;2;"Eleição Ordinária";297;"Eleições Gerais Estaduais 2018";"07/10/2018";"AC";"AC";"ACRE";10000610631;8;49;"Outras aplicações e Investimentos";"#NULO#";"14956,62";"28/01/2019";"16:34:34"
"13/11/2024";"10:55:11";2018;2;"Eleição Ordinária";297;"Eleições Gerais Estaduais 2018";"07/10/2018";"AC";"AC";"ACRE";10000610631;9;49;"Outras aplicações e Investimentos";"#NULO#";"51236,10";"28/01/2019";"16:34:34"
"13/11/2024";"10:55:11";2018;2;"Eleição Ordinária";297;"Eleições Gerais Estaduais 2018";"07/10/2018";"AC";"AC";"ACRE";10000608400;3;14;"Terra nua";"#NULO#";"15000,00";"28/01/2019";"16:33:14"
"13/11/2024";"10:55:11";2018;2;"Eleição Ordinária";297;"Eleições Gerais Estaduais 2018";"07/10/2018";"AC";"AC";"ACRE";10000608400;4;14;"Terra nua";"#NULO#";"15000,00";"28/01/2019";"16:33:14"
"13/11/2024";"10:55:11";2018;2;"Eleição Ordinária";297;"Eleições Gerais Estaduais 2018";"07/10/2018";"AC";"AC";"ACRE";10000608400;5;14;"Terra nua";"#NULO#";"20000,00";"28/01/2019";"16:33:14"
"13/11/2024";"10:55:11";2018;2;"Eleição Ordinária";297;"Eleições Gerais Estaduais 2018";"07/10/2018";"AC";"AC";"ACRE";10000608400;6;14;"Terra nua";"#NULO#";"15000,00";"28/01/2019";"16:33:14"
"13/11/2024";"10:55:11";2018;2;"Eleição Ordinária";297;"Eleições Gerais Estaduais 2018";"07/10/2018";"AC";"AC";"ACRE";10000608400;7;14;"Terra nua";"#NULO#";"35000,00";"28/01/2019";"16:33:14"
"13/11/2024";"10:55:11";2018;2;"Eleição Ordinária";297;"Eleições Gerais Estaduais 2018";"07/10/2018";"AC";"AC";"ACRE";10000608400;8;14;"Terra nua";"#NULO#";"35000,00";"28/01/2019";"16:33:14"
"13/11/2024";"10:55:11";2018;2;"Eleição Ordinária";297;"Eleições Gerais Estaduais 2018";"07/10/2018";"AC";"AC";"ACRE";10000608400;9;14;"Terra nua";"#NULO#";"35000,00";"28/01/2019";"16:33:14"
"13/11/2024";"10:55:11";2018;2;"Eleição Ordinária";297;"Eleições Gerais Estaduais 2018";"07/10/2018";"AC";"AC";"ACRE";10000608402;6;14;"Terra nua";"01 (uma) área de terra com 2.429,3 hectares no município  de Bujari - AC, sito a BR 364, Km 70, Ramal Jurupari, Km  08, sentido Sena Madureira";"43500,00";"28/01/2019";"16:33:05"
"13/11/2024";"10:55:11";2018;2;"Eleição Ordinária";297;"Eleições Gerais Estaduais 2018";"07/10/2018";"AC";"AC";"ACRE";10000608402;9;14;"Terra nua";"01 (uma) área de terra rural de 2.931,7450 hectares na Estrada BR 364, sentido Sena Madureira ¿ Manuel Urbano, registrado na Serventia de Imóveis Protocolo no Livro 1 B (S.F), Folha 122 sob o n. 864 r";"146550,00";"28/01/2019";"16:33:05"
"13/11/2024";"10:55:11";2018;2;"Eleição Ordinária";297;"Eleições Gerais Estaduais 2018";"07/10/2018";"AC";"AC";"ACRE";10000608402;10;14;"Terra nua";"01 (uma) área de terra rural de 3.245,54 hectares parte  remanescentes da Fazenda Barro Branco, lote 05 situado  no Seringal Barcelona, margem direita do Rio Purus, zona  rural de Sena Madureira - AC,";"340000,00";"28/01/2019";"16:33:05"
"13/11/2024";"10:55:11";2018;2;"Eleição Ordinária";297;"Eleições Gerais Estaduais 2018";"07/10/2018";"AC";"AC";"ACRE";10000610652;13;14;"Terra nua";"#NULO#";"100000,00";"28/01/2019";"16:33:55"
"13/11/2024";"10:55:11";2018;2;"Eleição Ordinária";297;"Eleições Gerais Estaduais 2018";"07/10/2018";"AC";"AC";"ACRE";10000610664;1;24;"Bem relacionado com o exercício da atividade autônoma";"#NULO#";"240000,00";"28/01/2019";"16:34:49"
"13/11/2024";"10:55:11";2018;2;"Eleição Ordinária";297;"Eleições Gerais Estaduais 2018";"07/10/2018";"AC";"AC";"ACRE";10000610677;2;14;"Terra nua";"#NULO#";"18369,00";"28/01/2019";"16:34:17"
"13/11/2024";"10:55:11";2018;2;"Eleição Ordinária";297;"Eleições Gerais Estaduais 2018";"07/10/2018";"AC";"AC";"ACRE";10000610697;1;14;"Terra nua";"#NULO#";"150000,00";"28/01/2019";"16:34:27"
"13/11/2024";"10:55:11";2018;2;"Eleição Ordinária";297;"Eleições Gerais Estaduais 2018";"07/10/2018";"AC";"AC";"ACRE";10000615664;2;14;"Terra nua";"#NULO#";"275000,00";"28/01/2019";"16:35:14"
"13/11/2024";"10:55:11";2018;2;"Eleição Ordinária";297;"Eleições Gerais Estaduais 2018";"07/10/2018";"AC";"AC";"ACRE";10000624271;2;14;"Terra nua";"#NULO#";"120000,00";"28/01/2019";"16:34:09"
"13/11/2024";"10:55:11";2018;2;"Eleição Ordinária";297;"Eleições Gerais Estaduais 2018";"07/10/2018";"AC";"AC";"ACRE";10000624275;3;24;"Bem relacionado com o exercício da atividade autônoma";"#NULO#";"16450,20";"17/09/2018";"19:36:13"
"13/11/2024";"10:55:11";2018;2;"Eleição Ordinária";297;"Eleições Gerais Estaduais 2018";"07/10/2018";"AC";"AC";"ACRE";10000624278;5;24;"Bem relacionado com o exercício da atividade autônoma";"#NULO#";"112000,00";"28/01/2019";"16:34:10"
"13/11/2024";"10:55:11";2018;2;"Eleição Ordinária";297;"Eleições Gerais Estaduais 2018";"07/10/2018";"AC";"AC";"ACRE";10000624286;1;14;"Terra nua";"#NULO#";"80000,00";"28/01/2019";"16:35:04"
"13/11/2024";"10:55:11";2018;2;"Eleição Ordinária";297;"Eleições Gerais Estaduais 2018";"07/10/2018";"AC";"AC";"ACRE";10000624289;7;14;"Terra nua";"#NULO#";"5003,10";"28/01/2019";"16:34:43"
"13/11/2024";"10:55:11";2018;2;"Eleição Ordinária";297;"Eleições Gerais Estaduais 2018";"07/10/2018";"AC";"AC";"ACRE";10000624289;8;14;"Terra nua";"#NULO#";"35559,44";"28/01/2019";"16:34:43"
"13/11/2024";"10:55:11";2018;2;"Eleição Ordinária";297;"Eleições Gerais Estaduais 2018";"07/10/2018";"AC";"AC";"ACRE";10000624305;8;14;"Terra nua";"#NULO#";"250000,00";"28/01/2019";"16:34:28"
"13/11/2024";"10:55:11";2018;2;"Eleição Ordinária";297;"Eleições Gerais Estaduais 2018";"07/10/2018";"AC";"AC";"ACRE";10000624306;3;14;"Terra nua";"#NULO#";"800000,00";"28/01/2019";"16:33:52"
"13/11/2024";"10:55:11";2018;2;"Eleição Ordinária";297;"Eleições Gerais Estaduais 2018";"07/10/2018";"AC";"AC";"ACRE";10000624312;1;14;"Terra nua";"#NULO#";"100000,00";"28/01/2019";"16:34:36"
"13/11/2024";"10:55:11";2018;2;"Eleição Ordinária";297;"Eleições Gerais Estaduais 2018";"07/10/2018";"AC";"AC";"ACRE";10000610673;6;12;"Casa";"#NULO#";"34698,30";"28/01/2019";"16:33:22"
"13/11/2024";"10:55:11";2018;2;"Eleição Ordinária";297;"Eleições Gerais Estaduais 2018";"07/10/2018";"AC";"AC";"ACRE";10000610673;8;21;"Veículo automotor terrestre: caminhão, automóvel, moto, etc.";"#NULO#";"105000,00";"28/01/2019";"16:33:22"
"13/11/2024";"10:55:11";2018;2;"Eleição Ordinária";297;"Eleições Gerais Estaduais 2018";"07/10/2018";"AC";"AC";"ACRE";10000610674;1;21;"Veículo automotor terrestre: caminhão, automóvel, moto, etc.";"#NULO#";"65000,00";"28/01/2019";"16:34:49"
"13/11/2024";"10:55:11";2018;2;"Eleição Ordinária";297;"Eleições Gerais Estaduais 2018";"07/10/2018";"AC";"AC";"ACRE";10000610674;2;12;"Casa";"#NULO#";"80000,00";"28/01/2019";"16:34:49"
"13/11/2024";"10:55:11";2018;2;"Eleição Ordinária";297;"Eleições Gerais Estaduais 2018";"07/10/2018";"AC";"AC";"ACRE";10000610677;1;12;"Casa";"#NULO#";"110590,00";"28/01/2019";"16:34:17"
"13/11/2024";"10:55:11";2018;2;"Eleição Ordinária";297;"Eleições Gerais Estaduais 2018";"07/10/2018";"AC";"AC";"ACRE";10000610677;3;21;"Veículo automotor terrestre: caminhão, automóvel, moto, etc.";"#NULO#";"35000,00";"28/01/2019";"16:34:17"
"13/11/2024";"10:55:11";2018;2;"Eleição Ordinária";297;"Eleições Gerais Estaduais 2018";"07/10/2018";"AC";"AC";"ACRE";10000610677;4;21;"Veículo automotor terrestre: caminhão, automóvel, moto, etc.";"#NULO#";"105000,00";"28/01/2019";"16:34:17"
"13/11/2024";"10:55:11";2018;2;"Eleição Ordinária";297;"Eleições Gerais Estaduais 2018";"07/10/2018";"AC";"AC";"ACRE";10000610682;1;21;"Veículo automotor terrestre: caminhão, automóvel, moto, etc.";"#NULO#";"6000,00";"28/01/2019";"16:34:36"
"13/11/2024";"10:55:11";2018;2;"Eleição Ordinária";297;"Eleições Gerais Estaduais 2018";"07/10/2018";"AC";"AC";"ACRE";10000610685;1;12;"Casa";"#NULO#";"70000,00";"28/01/2019";"16:35:03"
"13/11/2024";"10:55:11";2018;2;"Eleição Ordinária";297;"Eleições Gerais Estaduais 2018";"07/10/2018";"AC";"AC";"ACRE";10000610685;2;21;"Veículo automotor terrestre: caminhão, automóvel, moto, etc.";"#NULO#";"3000,00";"28/01/2019";"16:35:03"
"13/11/2024";"10:55:11";2018;2;"Eleição Ordinária";297;"Eleições Gerais Estaduais 2018";"07/10/2018";"AC";"AC";"ACRE";10000610686;1;12;"Casa";"#NULO#";"45000,00";"28/01/2019";"16:35:02"
"13/11/2024";"10:55:11";2018;2;"Eleição Ordinária";297;"Eleições Gerais Estaduais 2018";"07/10/2018";"AC";"AC";"ACRE";10000610686;2;21;"Veículo automotor terrestre: caminhão, automóvel, moto, etc.";"#NULO#";"25000,00";"28/01/2019";"16:35:02"
"13/11/2024";"10:55:11";2018;2;"Eleição Ordinária";297;"Eleições Gerais Estaduais 2018";"07/10/2018";"AC";"AC";"ACRE";10000610688;1;12;"Casa";"#NULO#";"350000,00";"28/01/2019";"16:34:35"
"13/11/2024";"10:55:11";2018;2;"Eleição Ordinária";297;"Eleições Gerais Estaduais 2018";"07/10/2018";"AC";"AC";"ACRE";10000610688;3;21;"Veículo automotor terrestre: caminhão, automóvel, moto, etc.";"#NULO#";"8000,00";"28/01/2019";"16:34:35"
"13/11/2024";"10:55:11";2018;2;"Eleição Ordinária";297;"Eleições Gerais Estaduais 2018";"07/10/2018";"AC";"AC";"ACRE";10000610688;4;21;"Veículo automotor terrestre: caminhão, automóvel, moto, etc.";"#NULO#";"2500,00";"28/01/2019";"16:34:35"
"13/11/2024";"10:55:11";2018;2;"Eleição Ordinária";297;"Eleições Gerais Estaduais 2018";"07/10/2018";"AC";"AC";"ACRE";10000610692;1;21;"Veículo automotor terrestre: caminhão, automóvel, moto, etc.";"#NULO#";"14000,00";"28/01/2019";"16:34:22"
"13/11/2024";"10:55:11";2018;2;"Eleição Ordinária";297;"Eleições Gerais Estaduais 2018";"07/10/2018";"AC";"AC";"ACRE";10000610692;2;12;"Casa";"#NULO#";"90000,00";"28/01/2019";"16:34:22"
"13/11/2024";"10:55:11";2018;2;"Eleição Ordinária";297;"Eleições Gerais Estaduais 2018";"07/10/2018";"AC";"AC";"ACRE";10000610697;2;21;"Veículo automotor terrestre: caminhão, automóvel, moto, etc.";"#NULO#";"30000,00";"28/01/2019";"16:34:27"
"13/11/2024";"10:55:11";2018;2;"Eleição Ordinária";297;"Eleições Gerais Estaduais 2018";"07/10/2018";"AC";"AC";"ACRE";10000610698;2;21;"Veículo automotor terrestre: caminhão, automóvel, moto, etc.";"#NULO#";"55000,00";"28/01/2019";"16:34:17"
"13/11/2024";"10:55:11";2018;2;"Eleição Ordinária";297;"Eleições Gerais Estaduais 2018";"07/10/2018";"AC";"AC";"ACRE";10000615606;1;12;"Casa";"#NULO#";"280000,00";"28/01/2019";"16:33:23"
"13/11/2024";"10:55:11";2018;2;"Eleição Ordinária";297;"Eleições Gerais Estaduais 2018";"07/10/2018";"AC";"AC";"ACRE";10000615606;3;21;"Veículo automotor terrestre: caminhão, automóvel, moto, etc.";"#NULO#";"112000,00";"28/01/2019";"16:33:23"
"13/11/2024";"10:55:11";2018;2;"Eleição Ordinária";297;"Eleições Gerais Estaduais 2018";"07/10/2018";"AC";"AC";"ACRE";10000615657;1;12;"Casa";"#NULO#";"330000,00";"08/04/2021";"17:25:19"
"13/11/2024";"10:55:11";2018;2;"Eleição Ordinária";297;"Eleições Gerais Estaduais 2018";"07/10/2018";"AC";"AC";"ACRE";10000615658;2;12;"Casa";"#NULO#";"351009,75";"08/04/2021";"17:25:20"
"13/11/2024";"10:55:11";2018;2;"Eleição Ordinária";297;"Eleições Gerais Estaduais 2018";"07/10/2018";"AC";"AC";"ACRE";10000615658;4;12;"Casa";"#NULO#";"215600,42";"08/04/2021";"17:25:20"
"13/11/2024";"10:55:11";2018;2;"Eleição Ordinária";297;"Eleições Gerais Estaduais 2018";"07/10/2018";"AC";"AC";"ACRE";10000615658;13;21;"Veículo automotor terrestre: caminhão, automóvel, moto, etc.";"#NULO#";"53990,00";"08/04/2021";"17:25:20"
"13/11/2024";"10:55:11";2018;2;"Eleição Ordinária";297;"Eleições Gerais Estaduais 2018";"07/10/2018";"AC";"AC";"ACRE";10000615658;14;12;"Casa";"#NULO#";"1518180,30";"08/04/2021";"17:25:20"
"13/11/2024";"10:55:11";2018;2;"Eleição Ordinária";297;"Eleições Gerais Estaduais 2018";"07/10/2018";"AC";"AC";"ACRE";10000615659;1;21;"Veículo automotor terrestre: caminhão, automóvel, moto, etc.";"#NULO#";"30000,00";"08/04/2021";"17:25:19"
"13/11/2024";"10:55:11";2018;2;"Eleição Ordinária";297;"Eleições Gerais Estaduais 2018";"07/10/2018";"AC";"AC";"ACRE";10000615659;2;21;"Veículo automotor terrestre: caminhão, automóvel, moto, etc.";"#NULO#";"15000,00";"08/04/2021";"17:25:19"
"13/11/2024";"10:55:11";2018;2;"Eleição Ordinária";297;"Eleições Gerais Estaduais 2018";"07/10/2018";"AC";"AC";"ACRE";10000615660;2;12;"Casa";"#NULO#";"350000,00";"08/04/2021";"17:25:19"
"13/11/2024";"10:55:11";2018;2;"Eleição Ordinária";297;"Eleições Gerais Estaduais 2018";"07/10/2018";"AC";"AC";"ACRE";10000615660;8;21;"Veículo automotor terrestre: caminhão, automóvel, moto, etc.";"#NULO#";"100000,00";"08/04/2021";"17:25:19"
"13/11/2024";"10:55:11";2018;2;"Eleição Ordinária";297;"Eleições Gerais Estaduais 2018";"07/10/2018";"AC";"AC";"ACRE";10000615661;1;12;"Casa";"#NULO#";"69637,95";"08/04/2021";"17:25:20"
"13/11/2024";"10:55:11";2018;2;"Eleição Ordinária";297;"Eleições Gerais Estaduais 2018";"07/10/2018";"AC";"AC";"ACRE";10000615661;4;12;"Casa";"#NULO#";"41638,37";"08/04/2021";"17:25:20"
"13/11/2024";"10:55:11";2018;2;"Eleição Ordinária";297;"Eleições Gerais Estaduais 2018";"07/10/2018";"AC";"AC";"ACRE";10000615661;5;12;"Casa";"#NULO#";"430273,14";"08/04/2021";"17:25:20"
"13/11/2024";"10:55:11";2018;2;"Eleição Ordinária";297;"Eleições Gerais Estaduais 2018";"07/10/2018";"AC";"AC";"ACRE";10000615661;12;21;"Veículo automotor terrestre: caminhão, automóvel, moto, etc.";"#NULO#";"127000,00";"08/04/2021";"17:25:20"
"13/11/2024";"10:55:11";2018;2;"Eleição Ordinária";297;"Eleições Gerais Estaduais 2018";"07/10/2018";"AC";"AC";"ACRE";10000615663;1;12;"Casa";"#NULO#";"350000,00";"08/04/2021";"17:25:19"
"13/11/2024";"10:55:11";2018;2;"Eleição Ordinária";297;"Eleições Gerais Estaduais 2018";"07/10/2018";"AC";"AC";"ACRE";10000615663;3;12;"Casa";"#NULO#";"70000,00";"08/04/2021";"17:25:19"
"13/11/2024";"10:55:11";2018;2;"Eleição Ordinária";297;"Eleições Gerais Estaduais 2018";"07/10/2018";"AC";"AC";"ACRE";10000615664;1;12;"Casa";"#NULO#";"400000,00";"28/01/2019";"16:35:14"
"13/11/2024";"10:55:11";2018;2;"Eleição Ordinária";297;"Eleições Gerais Estaduais 2018";"07/10/2018";"AC";"AC";"ACRE";10000624271;1;21;"Veículo automotor terrestre: caminhão, automóvel, moto, etc.";"#NULO#";"150000,00";"28/01/2019";"16:34:09"
"13/11/2024";"10:55:11";2018;2;"Eleição Ordinária";297;"Eleições Gerais Estaduais 2018";"07/10/2018";"AC";"AC";"ACRE";10000624270;1;21;"Veículo automotor terrestre: caminhão, automóvel, moto, etc.";"#NULO#";"19000,00";"28/01/2019";"16:34:17"
"13/11/2024";"10:55:11";2018;2;"Eleição Ordinária";297;"Eleições Gerais Estaduais 2018";"07/10/2018";"AC";"AC";"ACRE";10000624270;2;21;"Veículo automotor terrestre: caminhão, automóvel, moto, etc.";"#NULO#";"24000,00";"28/01/2019";"16:34:17"
"13/11/2024";"10:55:11";2018;2;"Eleição Ordinária";297;"Eleições Gerais Estaduais 2018";"07/10/2018";"AC";"AC";"ACRE";10000624270;3;12;"Casa";"#NULO#";"150000,00";"28/01/2019";"16:34:17"
"13/11/2024";"10:55:11";2018;2;"Eleição Ordinária";297;"Eleições Gerais Estaduais 2018";"07/10/2018";"AC";"AC";"ACRE";10000624272;2;21;"Veículo automotor terrestre: caminhão, automóvel, moto, etc.";"#NULO#";"25000,00";"28/01/2019";"16:34:09"
"13/11/2024";"10:55:11";2018;2;"Eleição Ordinária";297;"Eleições Gerais Estaduais 2018";"07/10/2018";"AC";"AC";"ACRE";10000624274;1;21;"Veículo automotor terrestre: caminhão, automóvel, moto, etc.";"#NULO#";"2500,00";"28/01/2019";"16:33:54"
"13/11/2024";"10:55:11";2018;2;"Eleição Ordinária";297;"Eleições Gerais Estaduais 2018";"07/10/2018";"AC";"AC";"ACRE";10000624274;2;21;"Veículo automotor terrestre: caminhão, automóvel, moto, etc.";"#NULO#";"40000,00";"28/01/2019";"16:33:54"
"13/11/2024";"10:55:11";2018;2;"Eleição Ordinária";297;"Eleições Gerais Estaduais 2018";"07/10/2018";"AC";"AC";"ACRE";10000624275;2;21;"Veículo automotor terrestre: caminhão, automóvel, moto, etc.";"#NULO#";"31000,00";"17/09/2018";"19:36:13"
"13/11/2024";"10:55:11";2018;2;"Eleição Ordinária";297;"Eleições Gerais Estaduais 2018";"07/10/2018";"AC";"AC";"ACRE";10000624276;1;21;"Veículo automotor terrestre: caminhão, automóvel, moto, etc.";"#NULO#";"3500,00";"28/01/2019";"16:35:11"
"13/11/2024";"10:55:11";2018;2;"Eleição Ordinária";297;"Eleições Gerais Estaduais 2018";"07/10/2018";"AC";"AC";"ACRE";10000624276;2;21;"Veículo automotor terrestre: caminhão, automóvel, moto, etc.";"#NULO#";"4500,00";"28/01/2019";"16:35:11"
"13/11/2024";"10:55:11";2018;2;"Eleição Ordinária";297;"Eleições Gerais Estaduais 2018";"07/10/2018";"AC";"AC";"ACRE";10000624276;3;21;"Veículo automotor terrestre: caminhão, automóvel, moto, etc.";"#NULO#";"8000,00";"28/01/2019";"16:35:11"
"13/11/2024";"10:55:11";2018;2;"Eleição Ordinária";297;"Eleições Gerais Estaduais 2018";"07/10/2018";"AC";"AC";"ACRE";10000624276;4;21;"Veículo automotor terrestre: caminhão, automóvel, moto, etc.";"#NULO#";"25000,00";"28/01/2019";"16:35:11"
"13/11/2024";"10:55:11";2018;2;"Eleição Ordinária";297;"Eleições Gerais Estaduais 2018";"07/10/2018";"AC";"AC";"ACRE";10000624276;5;21;"Veículo automotor terrestre: caminhão, automóvel, moto, etc.";"#NULO#";"20000,00";"28/01/2019";"16:35:11"
"13/11/2024";"10:55:11";2018;2;"Eleição Ordinária";297;"Eleições Gerais Estaduais 2018";"07/10/2018";"AC";"AC";"ACRE";10000624276;6;21;"Veículo automotor terrestre: caminhão, automóvel, moto, etc.";"#NULO#";"20000,00";"28/01/2019";"16:35:11"
"13/11/2024";"10:55:11";2018;2;"Eleição Ordinária";297;"Eleições Gerais Estaduais 2018";"07/10/2018";"AC";"AC";"ACRE";10000624276;7;21;"Veículo automotor terrestre: caminhão, automóvel, moto, etc.";"#NULO#";"20000,00";"28/01/2019";"16:35:11"
"13/11/2024";"10:55:11";2018;2;"Eleição Ordinária";297;"Eleições Gerais Estaduais 2018";"07/10/2018";"AC";"AC";"ACRE";10000624276;8;21;"Veículo automotor terrestre: caminhão, automóvel, moto, etc.";"#NULO#";"15000,00";"28/01/2019";"16:35:11"
"13/11/2024";"10:55:11";2018;2;"Eleição Ordinária";297;"Eleições Gerais Estaduais 2018";"07/10/2018";"AC";"AC";"ACRE";10000624277;1;21;"Veículo automotor terrestre: caminhão, automóvel, moto, etc.";"#NULO#";"18000,00";"28/01/2019";"16:34:17"
"13/11/2024";"10:55:11";2018;2;"Eleição Ordinária";297;"Eleições Gerais Estaduais 2018";"07/10/2018";"AC";"AC";"ACRE";10000624278;1;12;"Casa";"#NULO#";"90000,00";"28/01/2019";"16:34:10"
"13/11/2024";"10:55:11";2018;2;"Eleição Ordinária";297;"Eleições Gerais Estaduais 2018";"07/10/2018";"AC";"AC";"ACRE";10000624278;2;12;"Casa";"#NULO#";"60000,00";"28/01/2019";"16:34:10"
"13/11/2024";"10:55:11";2018;2;"Eleição Ordinária";297;"Eleições Gerais Estaduais 2018";"07/10/2018";"AC";"AC";"ACRE";10000624287;1;21;"Veículo automotor terrestre: caminhão, automóvel, moto, etc.";"#NULO#";"19687,80";"28/01/2019";"16:35:11"
"13/11/2024";"10:55:11";2018;2;"Eleição Ordinária";297;"Eleições Gerais Estaduais 2018";"07/10/2018";"AC";"AC";"ACRE";10000624289;1;12;"Casa";"#NULO#";"89061,29";"28/01/2019";"16:34:43"
"13/11/2024";"10:55:11";2018;2;"Eleição Ordinária";297;"Eleições Gerais Estaduais 2018";"07/10/2018";"AC";"AC";"ACRE";10000624289;10;12;"Casa";"#NULO#";"81000,00";"28/01/2019";"16:34:43"
"13/11/2024";"10:55:11";2018;2;"Eleição Ordinária";297;"Eleições Gerais Estaduais 2018";"07/10/2018";"AC";"AC";"ACRE";10000624289;11;12;"Casa";"#NULO#";"22000,00";"28/01/2019";"16:34:43"
"13/11/2024";"10:55:11";2018;2;"Eleição Ordinária";297;"Eleições Gerais Estaduais 2018";"07/10/2018";"AC";"AC";"ACRE";10000624292;1;21;"Veículo automotor terrestre: caminhão, automóvel, moto, etc.";"#NULO#";"20000,00";"28/01/2019";"16:34:43"
"13/11/2024";"10:55:11";2018;2;"Eleição Ordinária";297;"Eleições Gerais Estaduais 2018";"07/10/2018";"AC";"AC";"ACRE";10000624292;2;12;"Casa";"#NULO#";"50000,00";"28/01/2019";"16:34:43"
"13/11/2024";"10:55:11";2018;2;"Eleição Ordinária";297;"Eleições Gerais Estaduais 2018";"07/10/2018";"AC";"AC";"ACRE";10000624292;3;21;"Veículo automotor terrestre: caminhão, automóvel, moto, etc.";"#NULO#";"5000,00";"28/01/2019";"16:34:43"
"13/11/2024";"10:55:11";2018;2;"Eleição Ordinária";297;"Eleições Gerais Estaduais 2018";"07/10/2018";"AC";"AC";"ACRE";10000624293;1;12;"Casa";"#NULO#";"150000,00";"28/01/2019";"16:34:44"
"13/11/2024";"10:55:11";2018;2;"Eleição Ordinária";297;"Eleições Gerais Estaduais 2018";"07/10/2018";"AC";"AC";"ACRE";10000624296;1;21;"Veículo automotor terrestre: caminhão, automóvel, moto, etc.";"#NULO#";"30000,00";"28/01/2019";"16:34:24"
"13/11/2024";"10:55:11";2018;2;"Eleição Ordinária";297;"Eleições Gerais Estaduais 2018";"07/10/2018";"AC";"AC";"ACRE";10000624296;2;21;"Veículo automotor terrestre: caminhão, automóvel, moto, etc.";"#NULO#";"2500,00";"28/01/2019";"16:34:24"
"13/11/2024";"10:55:11";2018;2;"Eleição Ordinária";297;"Eleições Gerais Estaduais 2018";"07/10/2018";"AC";"AC";"ACRE";10000624298;1;21;"Veículo automotor terrestre: caminhão, automóvel, moto, etc.";"#NULO#";"5000,00";"28/01/2019";"16:35:11"
"13/11/2024";"10:55:11";2018;2;"Eleição Ordinária";297;"Eleições Gerais Estaduais 2018";"07/10/2018";"AC";"AC";"ACRE";10000624302;1;12;"Casa";"#NULO#";"70000,00";"28/01/2019";"16:34:10"
"13/11/2024";"10:55:11";2018;2;"Eleição Ordinária";297;"Eleições Gerais Estaduais 2018";"07/10/2018";"AC";"AC";"ACRE";10000624303;1;12;"Casa";"#NULO#";"350000,00";"28/01/2019";"16:34:24"
"13/11/2024";"10:55:11";2018;2;"Eleição Ordinária";297;"Eleições Gerais Estaduais 2018";"07/10/2018";"AC";"AC";"ACRE";10000624303;2;21;"Veículo automotor terrestre: caminhão, automóvel, moto, etc.";"#NULO#";"10000,00";"28/01/2019";"16:34:24"
"13/11/2024";"10:55:11";2018;2;"Eleição Ordinária";297;"Eleições Gerais Estaduais 2018";"07/10/2018";"AC";"AC";"ACRE";10000624303;3;21;"Veículo automotor terrestre: caminhão, automóvel, moto, etc.";"#NULO#";"10000,00";"28/01/2019";"16:34:24"
"13/11/2024";"10:55:11";2018;2;"Eleição Ordinária";297;"Eleições Gerais Estaduais 2018";"07/10/2018";"AC";"AC";"ACRE";10000624303;4;21;"Veículo automotor terrestre: caminhão, automóvel, moto, etc.";"#NULO#";"5000,00";"28/01/2019";"16:34:24"
"13/11/2024";"10:55:11";2018;2;"Eleição Ordinária";297;"Eleições Gerais Estaduais 2018";"07/10/2018";"AC";"AC";"ACRE";10000624304;7;12;"Casa";"#NULO#";"180000,00";"28/01/2019";"16:34:24"
"13/11/2024";"10:55:11";2018;2;"Eleição Ordinária";297;"Eleições Gerais Estaduais 2018";"07/10/2018";"AC";"AC";"ACRE";10000624304;8;21;"Veículo automotor terrestre: caminhão, automóvel, moto, etc.";"#NULO#";"114000,00";"28/01/2019";"16:34:24"
"13/11/2024";"10:55:11";2018;2;"Eleição Ordinária";297;"Eleições Gerais Estaduais 2018";"07/10/2018";"AC";"AC";"ACRE";10000624304;9;21;"Veículo automotor terrestre: caminhão, automóvel, moto, etc.";"#NULO#";"188300,00";"28/01/2019";"16:34:24"
"13/11/2024";"10:55:11";2018;2;"Eleição Ordinária";297;"Eleições Gerais Estaduais 2018";"07/10/2018";"AC";"AC";"ACRE";10000624306;1;12;"Casa";"#NULO#";"30000,00";"28/01/2019";"16:33:52"
"13/11/2024";"10:55:11";2018;2;"Eleição Ordinária";297;"Eleições Gerais Estaduais 2018";"07/10/2018";"AC";"AC";"ACRE";10000624306;2;21;"Veículo automotor terrestre: caminhão, automóvel, moto, etc.";"#NULO#";"73000,00";"28/01/2019";"16:33:52"
"13/11/2024";"10:55:11";2018;2;"Eleição Ordinária";297;"Eleições Gerais Estaduais 2018";"07/10/2018";"AC";"AC";"ACRE";10000624307;1;12;"Casa";"#NULO#";"150000,00";"28/01/2019";"16:34:30"
"13/11/2024";"10:55:11";2018;2;"Eleição Ordinária";297;"Eleições Gerais Estaduais 2018";"07/10/2018";"AC";"AC";"ACRE";10000624308;1;12;"Casa";"#NULO#";"80000,00";"28/01/2019";"16:33:59"
"13/11/2024";"10:55:11";2018;2;"Eleição Ordinária";297;"Eleições Gerais Estaduais 2018";"07/10/2018";"AC";"AC";"ACRE";10000624310;2;12;"Casa";"#NULO#";"45000,00";"28/01/2019";"16:35:05"
"13/11/2024";"10:55:11";2018;2;"Eleição Ordinária";297;"Eleições Gerais Estaduais 2018";"07/10/2018";"AC";"AC";"ACRE";10000624314;1;21;"Veículo automotor terrestre: caminhão, automóvel, moto, etc.";"#NULO#";"20000,00";"28/01/2019";"16:35:03"
"13/11/2024";"10:55:11";2018;2;"Eleição Ordinária";297;"Eleições Gerais Estaduais 2018";"07/10/2018";"AC";"AC";"ACRE";10000624316;2;21;"Veículo automotor terrestre: caminhão, automóvel, moto, etc.";"#NULO#";"128000,00";"17/09/2018";"19:36:13"
"13/11/2024";"10:55:11";2018;2;"Eleição Ordinária";297;"Eleições Gerais Estaduais 2018";"07/10/2018";"AC";"AC";"ACRE";10000624631;1;21;"Veículo automotor terrestre: caminhão, automóvel, moto, etc.";"#NULO#";"3500,00";"28/01/2019";"16:33:19"
"13/11/2024";"10:55:11";2018;2;"Eleição Ordinária";297;"Eleições Gerais Estaduais 2018";"07/10/2018";"AC";"AC";"ACRE";10000624629;1;21;"Veículo automotor terrestre: caminhão, automóvel, moto, etc.";"#NULO#";"17000,00";"08/04/2021";"17:25:19"
"13/11/2024";"10:55:11";2018;2;"Eleição Ordinária";297;"Eleições Gerais Estaduais 2018";"07/10/2018";"AC";"AC";"ACRE";10000624629;2;21;"Veículo automotor terrestre: caminhão, automóvel, moto, etc.";"#NULO#";"2000,00";"08/04/2021";"17:25:19"
"13/11/2024";"10:55:11";2018;2;"Eleição Ordinária";297;"Eleições Gerais Estaduais 2018";"07/10/2018";"AC";"AC";"ACRE";10000624630;1;21;"Veículo automotor terrestre: caminhão, automóvel, moto, etc.";"#NULO#";"70000,00";"28/01/2019";"16:33:15"
"13/11/2024";"10:55:11";2018;2;"Eleição Ordinária";297;"Eleições Gerais Estaduais 2018";"07/10/2018";"AC";"AC";"ACRE";10000624635;1;21;"Veículo automotor terrestre: caminhão, automóvel, moto, etc.";"#NULO#";"9000,00";"28/01/2019";"16:33:15"
"13/11/2024";"10:55:11";2018;2;"Eleição Ordinária";297;"Eleições Gerais Estaduais 2018";"07/10/2018";"AC";"AC";"ACRE";10000624637;1;21;"Veículo automotor terrestre: caminhão, automóvel, moto, etc.";"#NULO#";"40000,00";"28/01/2019";"16:33:21"
"13/11/2024";"10:55:11";2018;2;"Eleição Ordinária";297;"Eleições Gerais Estaduais 2018";"07/10/2018";"AC";"AC";"ACRE";10000624637;2;21;"Veículo automotor terrestre: caminhão, automóvel, moto, etc.";"#NULO#";"45000,00";"28/01/2019";"16:33:21"
"13/11/2024";"10:55:11";2018;2;"Eleição Ordinária";297;"Eleições Gerais Estaduais 2018";"07/10/2018";"AC";"AC";"ACRE";10000624638;1;21;"Veículo automotor terrestre: caminhão, automóvel, moto, etc.";"#NULO#";"15000,00";"28/01/2019";"16:33:16"
"13/11/2024";"10:55:11";2018;2;"Eleição Ordinária";297;"Eleições Gerais Estaduais 2018";"07/10/2018";"AC";"AC";"ACRE";10000625361;1;12;"Casa";"#NULO#";"200000,00";"17/09/2018";"19:36:12"
"13/11/2024";"10:55:11";2018;2;"Eleição Ordinária";297;"Eleições Gerais Estaduais 2018";"07/10/2018";"AC";"AC";"ACRE";10000627576;1;21;"Veículo automotor terrestre: caminhão, automóvel, moto, etc.";"#NULO#";"22000,00";"28/01/2019";"16:35:03"
"13/11/2024";"10:55:11";2018;2;"Eleição Ordinária";297;"Eleições Gerais Estaduais 2018";"07/10/2018";"AC";"AC";"ACRE";10000627576;2;21;"Veículo automotor terrestre: caminhão, automóvel, moto, etc.";"#NULO#";"2000,00";"28/01/2019";"16:35:03"
"13/11/2024";"10:55:11";2018;2;"Eleição Ordinária";297;"Eleições Gerais Estaduais 2018";"07/10/2018";"AC";"AC";"ACRE";10000629953;1;12;"Casa";"#NULO#";"3000000,00";"19/11/2021";"06:43:56"
"13/11/2024";"10:55:11";2018;2;"Eleição Ordinária";297;"Eleições Gerais Estaduais 2018";"07/10/2018";"AC";"AC";"ACRE";10000603905;4;79;"Outros fundos";"#NULO#";"5428,88";"28/01/2019";"16:33:59"
"13/11/2024";"10:55:11";2018;2;"Eleição Ordinária";297;"Eleições Gerais Estaduais 2018";"07/10/2018";"AC";"AC";"ACRE";10000603905;6;79;"Outros fundos";"#NULO#";"40,15";"28/01/2019";"16:33:59"
"13/11/2024";"10:55:11";2018;2;"Eleição Ordinária";297;"Eleições Gerais Estaduais 2018";"07/10/2018";"AC";"AC";"ACRE";10000603905;7;79;"Outros fundos";"#NULO#";"14190,51";"28/01/2019";"16:33:59"
"13/11/2024";"10:55:11";2018;2;"Eleição Ordinária";297;"Eleições Gerais Estaduais 2018";"07/10/2018";"AC";"AC";"ACRE";10000603906;5;79;"Outros fundos";"#NULO#";"2757,52";"28/01/2019";"16:34:22"
"13/11/2024";"10:55:11";2018;2;"Eleição Ordinária";297;"Eleições Gerais Estaduais 2018";"07/10/2018";"AC";"AC";"ACRE";10000603906;6;79;"Outros fundos";"#NULO#";"2827,32";"28/01/2019";"16:34:22"
"13/11/2024";"10:55:11";2018;2;"Eleição Ordinária";297;"Eleições Gerais Estaduais 2018";"07/10/2018";"AC";"AC";"ACRE";10000600002;7;14;"Terra nua";"#NULO#";"60000,00";"28/01/2019";"16:35:14"
"13/11/2024";"10:55:11";2018;2;"Eleição Ordinária";297;"Eleições Gerais Estaduais 2018";"07/10/2018";"AC";"AC";"ACRE";10000600840;3;14;"Terra nua";"#NULO#";"300000,00";"28/01/2019";"16:33:18"
"13/11/2024";"10:55:11";2018;2;"Eleição Ordinária";297;"Eleições Gerais Estaduais 2018";"07/10/2018";"AC";"AC";"ACRE";10000600229;7;14;"Terra nua";"#NULO#";"130000,00";"08/04/2021";"17:25:19"
"13/11/2024";"10:55:11";2018;2;"Eleição Ordinária";297;"Eleições Gerais Estaduais 2018";"07/10/2018";"AC";"AC";"ACRE";10000602513;5;14;"Terra nua";"#NULO#";"800000,00";"28/01/2019";"16:33:12"
"13/11/2024";"10:55:11";2018;2;"Eleição Ordinária";297;"Eleições Gerais Estaduais 2018";"07/10/2018";"AC";"AC";"ACRE";10000602519;2;14;"Terra nua";"#NULO#";"38000,00";"28/01/2019";"16:33:05"
"13/11/2024";"10:55:11";2018;2;"Eleição Ordinária";297;"Eleições Gerais Estaduais 2018";"07/10/2018";"AC";"AC";"ACRE";10000602843;2;14;"Terra nua";"#NULO#";"3000,00";"28/01/2019";"16:34:31"
"13/11/2024";"10:55:11";2018;2;"Eleição Ordinária";297;"Eleições Gerais Estaduais 2018";"07/10/2018";"AC";"AC";"ACRE";10000602843;1;14;"Terra nua";"#NULO#";"138655,27";"28/01/2019";"16:34:31"
"13/11/2024";"10:55:11";2018;2;"Eleição Ordinária";297;"Eleições Gerais Estaduais 2018";"07/10/2018";"AC";"AC";"ACRE";10000602843;3;14;"Terra nua";"#NULO#";"0,01";"28/01/2019";"16:34:31"
"13/11/2024";"10:55:11";2018;2;"Eleição Ordinária";297;"Eleições Gerais Estaduais 2018";"07/10/2018";"AC";"AC";"ACRE";10000602843;4;14;"Terra nua";"#NULO#";"0,01";"28/01/2019";"16:34:31"
"13/11/2024";"10:55:11";2018;2;"Eleição Ordinária";297;"Eleições Gerais Estaduais 2018";"07/10/2018";"AC";"AC";"ACRE";10000602843;5;14;"Terra nua";"#NULO#";"0,01";"28/01/2019";"16:34:31"
"13/11/2024";"10:55:11";2018;2;"Eleição Ordinária";297;"Eleições Gerais Estaduais 2018";"07/10/2018";"AC";"AC";"ACRE";10000602843;6;14;"Terra nua";"#NULO#";"2000,00";"28/01/2019";"16:34:31"
"13/11/2024";"10:55:11";2018;2;"Eleição Ordinária";297;"Eleições Gerais Estaduais 2018";"07/10/2018";"AC";"AC";"ACRE";10000602843;7;14;"Terra nua";"#NULO#";"0,01";"28/01/2019";"16:34:31"
"13/11/2024";"10:55:11";2018;2;"Eleição Ordinária";297;"Eleições Gerais Estaduais 2018";"07/10/2018";"AC";"AC";"ACRE";10000602843;8;14;"Terra nua";"#NULO#";"0,01";"28/01/2019";"16:34:31"
"13/11/2024";"10:55:11";2018;2;"Eleição Ordinária";297;"Eleições Gerais Estaduais 2018";"07/10/2018";"AC";"AC";"ACRE";10000602843;9;14;"Terra nua";"#NULO#";"1500,00";"28/01/2019";"16:34:31"
"13/11/2024";"10:55:11";2018;2;"Eleição Ordinária";297;"Eleições Gerais Estaduais 2018";"07/10/2018";"AC";"AC";"ACRE";10000602843;10;14;"Terra nua";"#NULO#";"12000,00";"28/01/2019";"16:34:31"
"13/11/2024";"10:55:11";2018;2;"Eleição Ordinária";297;"Eleições Gerais Estaduais 2018";"07/10/2018";"AC";"AC";"ACRE";10000602843;11;14;"Terra nua";"#NULO#";"10000,00";"28/01/2019";"16:34:31"
"13/11/2024";"10:55:11";2018;2;"Eleição Ordinária";297;"Eleições Gerais Estaduais 2018";"07/10/2018";"AC";"AC";"ACRE";10000602843;12;14;"Terra nua";"#NULO#";"1500,00";"28/01/2019";"16:34:31"
"13/11/2024";"10:55:11";2018;2;"Eleição Ordinária";297;"Eleições Gerais Estaduais 2018";"07/10/2018";"AC";"AC";"ACRE";10000603062;18;14;"Terra nua";"#NULO#";"346000,00";"08/04/2021";"17:25:19"
"13/11/2024";"10:55:11";2018;2;"Eleição Ordinária";297;"Eleições Gerais Estaduais 2018";"07/10/2018";"AC";"AC";"ACRE";10000603063;13;14;"Terra nua";"#NULO#";"7873,49";"08/04/2021";"17:25:19"
"13/11/2024";"10:55:11";2018;2;"Eleição Ordinária";297;"Eleições Gerais Estaduais 2018";"07/10/2018";"AC";"AC";"ACRE";10000603898;3;14;"Terra nua";"#NULO#";"200000,00";"28/01/2019";"16:34:17"
"13/11/2024";"10:55:11";2018;2;"Eleição Ordinária";297;"Eleições Gerais Estaduais 2018";"07/10/2018";"AC";"AC";"ACRE";10000604764;1;14;"Terra nua";"LOTE DE TERRA RURAL NO 34, COM 69,0711HA, GLEBA D. DENOMINADO COLÔNIA BOA VISTA, PAD. HUMAITA, PORTO ACRE - AC., ADQ EM 28/01/2005.";"345355,00";"28/01/2019";"16:34:01"
"13/11/2024";"10:55:11";2018;2;"Eleição Ordinária";297;"Eleições Gerais Estaduais 2018";"07/10/2018";"AC";"AC";"ACRE";10000604764;2;14;"Terra nua";"LOTE DE TERRA RURAL DESTACADA DE MAIOR POSAO DENOMINADO COLONIA SÃO FRANCISCO, COM 31,9126HA, GLEBA C, PAD HUMAITÁ, MUNICÍPIO DE PORTO ACRE-AC, ADQ 28/01/2005.";"159563,00";"28/01/2019";"16:34:01"
"13/11/2024";"10:55:11";2018;2;"Eleição Ordinária";297;"Eleições Gerais Estaduais 2018";"07/10/2018";"AC";"AC";"ACRE";10000604764;3;14;"Terra nua";"LOTE DE TERRA RURAL NO 83, COM 63,1227 HA, GLEBA C, DENOMINADO COLONIA ALIANÇA, PAD HUMAITÁ, PORTO ACRE-AC, ADQ. 07/09/1994.";"315613,00";"28/01/2019";"16:34:01"
"13/11/2024";"10:55:11";2018;2;"Eleição Ordinária";297;"Eleições Gerais Estaduais 2018";"07/10/2018";"AC";"AC";"ACRE";10000604764;4;14;"Terra nua";"LOTE DE TERRA RURAL NO 0007, COM 64,0992 HA, DA GLEBA D, PAD HUMAITÁ, PORTO ACRE-AC, ADQ. EM 15/07/2002";"320496,00";"28/01/2019";"16:34:01"
"13/11/2024";"10:55:11";2018;2;"Eleição Ordinária";297;"Eleições Gerais Estaduais 2018";"07/10/2018";"AC";"AC";"ACRE";10000604764;5;14;"Terra nua";"LOTE DE TERRA RURAL NO 81, COM 63,8968 HA, DA GLEBA C, P-AD HUMAITÁ, PORTO ACRE-AC, ADQ. 06/04/2004.";"319484,00";"28/01/2019";"16:34:01"
"13/11/2024";"10:55:11";2018;2;"Eleição Ordinária";297;"Eleições Gerais Estaduais 2018";"07/10/2018";"AC";"AC";"ACRE";10000604769;1;14;"Terra nua";"CHACARA LOCALIZADA NA ESTRADA DE PORTO ACRE, ROD. AC 10, N. 6113, BAIRRO ALTO ALEGRE - RIO BRANCO/AC MEDIINDO 80,5M -FRENTE, 42M-LD. ESQUERDO, 95,5M FUNDO, 85,5M LD DIREITO";"100000,00";"28/01/2019";"16:34:01"
"13/11/2024";"10:55:11";2018;2;"Eleição Ordinária";297;"Eleições Gerais Estaduais 2018";"07/10/2018";"AC";"AC";"ACRE";10000604772;5;14;"Terra nua";"ÁREA DE TERRA DENOM. SERINGAL PORTO ALEGRE, COM 13.338HA, ÀS MARGENS DIREITA DO RIO MURU, TARAUACÁ-AC";"116094,00";"17/09/2018";"19:36:09"
"13/11/2024";"10:55:11";2018;2;"Eleição Ordinária";297;"Eleições Gerais Estaduais 2018";"07/10/2018";"AC";"AC";"ACRE";10000604772;6;14;"Terra nua";"ÁREA DE TERRA NO SERINGAL PORTO ALEGRE, ÀS MARGENS DO RIO MURU, MEDINDO 300HA, EM TARAUACÁ-AC";"148300,00";"17/09/2018";"19:36:09"
"13/11/2024";"10:55:11";2018;2;"Eleição Ordinária";297;"Eleições Gerais Estaduais 2018";"07/10/2018";"AC";"AC";"ACRE";10000604772;9;24;"Bem relacionado com o exercício da atividade autônoma";"100 (CEM) REZES BOVINA";"20000,00";"17/09/2018";"19:36:09"
"13/11/2024";"10:55:11";2018;2;"Eleição Ordinária";297;"Eleições Gerais Estaduais 2018";"07/10/2018";"AC";"AC";"ACRE";10000604772;10;14;"Terra nua";"LOTE DE TERRA LOCALIZADA A RUA BENJAMIM CONSTANT, MEDINDO 11,90 DE FRENTE, 11,80 DE FUNDOS, EM TARAUACÁ-AC";"70125,00";"17/09/2018";"19:36:09"
"13/11/2024";"10:55:11";2018;2;"Eleição Ordinária";297;"Eleições Gerais Estaduais 2018";"07/10/2018";"AC";"AC";"ACRE";10000604772;11;14;"Terra nua";"LOTE DE TERRA LOCALIZADO NA RUA AVELINO LEAL, MEDINDO 98M FRENTE E 10M DE FUNDOS, EM TARAUACÁ-AC.";"44253,00";"17/09/2018";"19:36:09"
"13/11/2024";"10:55:11";2018;2;"Eleição Ordinária";297;"Eleições Gerais Estaduais 2018";"07/10/2018";"AC";"AC";"ACRE";10000604773;5;14;"Terra nua";"ARA DE TERRA MEDINDO 300 HA, SENDO 120HA DE PASTAGENS, LOCALIZADA NA BR 364 - RIO BRANCO/PORTO VELHO, RAMAL GRANADA";"100000,00";"28/01/2019";"16:34:38"
"13/11/2024";"10:55:11";2018;2;"Eleição Ordinária";297;"Eleições Gerais Estaduais 2018";"07/10/2018";"AC";"AC";"ACRE";10000604773;6;24;"Bem relacionado com o exercício da atividade autônoma";"200 (DUZENTAS) VACAS";"240000,00";"28/01/2019";"16:34:38"
"13/11/2024";"10:55:11";2018;2;"Eleição Ordinária";297;"Eleições Gerais Estaduais 2018";"07/10/2018";"AC";"AC";"ACRE";10000604773;7;24;"Bem relacionado com o exercício da atividade autônoma";"200 (DUZENTAS ) VAGAS";"240000,00";"28/01/2019";"16:34:38"
"13/11/2024";"10:55:11";2018;2;"Eleição Ordinária";297;"Eleições Gerais Estaduais 2018";"07/10/2018";"AC";"AC";"ACRE";10000604773;8;14;"Terra nua";"ÁREA DE TERRA, MEDINDO 240 HA, SENDO 70 HA DE PASTAGENS LOCALIZADA NA BER 364, RIO BRANCO/PORTO VELHO, RAMAL GRANADA, KM 30";"200000,00";"28/01/2019";"16:34:38"
"13/11/2024";"10:55:11";2018;2;"Eleição Ordinária";297;"Eleições Gerais Estaduais 2018";"07/10/2018";"AC";"AC";"ACRE";10000604773;9;14;"Terra nua";"TERRA APROXIMADAMENTE 200HA, PARTE EM CAPOEIRA E PARTE EM PASTO, NO RAMAL DO TABOCAL KM 6";"200000,00";"28/01/2019";"16:34:38"
"13/11/2024";"10:55:11";2018;2;"Eleição Ordinária";297;"Eleições Gerais Estaduais 2018";"07/10/2018";"AC";"AC";"ACRE";10000604782;1;14;"Terra nua";"1 CHACARA MEDINDO 2HECTARES, LOCALIZADA NA EST. DO BARRO VERMELHO, KM 07";"50000,00";"28/01/2019";"16:33:53"
"13/11/2024";"10:55:11";2018;2;"Eleição Ordinária";297;"Eleições Gerais Estaduais 2018";"07/10/2018";"AC";"AC";"ACRE";10000608365;2;14;"Terra nua";"#NULO#";"70000,00";"28/01/2019";"16:34:20"
"13/11/2024";"10:55:11";2018;2;"Eleição Ordinária";297;"Eleições Gerais Estaduais 2018";"07/10/2018";"AC";"AC";"ACRE";10000608365;3;14;"Terra nua";"#NULO#";"96200,00";"28/01/2019";"16:34:20"
"13/11/2024";"10:55:11";2018;2;"Eleição Ordinária";297;"Eleições Gerais Estaduais 2018";"07/10/2018";"AC";"AC";"ACRE";10000608365;5;14;"Terra nua";"#NULO#";"120000,00";"28/01/2019";"16:34:20"
"13/11/2024";"10:55:11";2018;2;"Eleição Ordinária";297;"Eleições Gerais Estaduais 2018";"07/10/2018";"AC";"AC";"ACRE";10000608375;2;14;"Terra nua";"#NULO#";"350000,00";"28/01/2019";"16:34:21"
"13/11/2024";"10:55:11";2018;2;"Eleição Ordinária";297;"Eleições Gerais Estaduais 2018";"07/10/2018";"AC";"AC";"ACRE";10000608375;3;14;"Terra nua";"#NULO#";"40000,00";"28/01/2019";"16:34:21"
"13/11/2024";"10:55:11";2018;2;"Eleição Ordinária";297;"Eleições Gerais Estaduais 2018";"07/10/2018";"AC";"AC";"ACRE";10000602515;5;49;"Outras aplicações e Investimentos";"#NULO#";"39948,12";"28/01/2019";"16:33:06"
"13/11/2024";"10:55:11";2018;2;"Eleição Ordinária";297;"Eleições Gerais Estaduais 2018";"07/10/2018";"AC";"AC";"ACRE";10000602519;3;49;"Outras aplicações e Investimentos";"#NULO#";"480000,01";"28/01/2019";"16:33:05"
"13/11/2024";"10:55:11";2018;2;"Eleição Ordinária";297;"Eleições Gerais Estaduais 2018";"07/10/2018";"AC";"AC";"ACRE";10000602523;2;49;"Outras aplicações e Investimentos";"#NULO#";"5753,08";"28/01/2019";"16:33:16"
"13/11/2024";"10:55:11";2018;2;"Eleição Ordinária";297;"Eleições Gerais Estaduais 2018";"07/10/2018";"AC";"AC";"ACRE";10000602523;7;49;"Outras aplicações e Investimentos";"#NULO#";"1837,66";"28/01/2019";"16:33:16"
"13/11/2024";"10:55:11";2018;2;"Eleição Ordinária";297;"Eleições Gerais Estaduais 2018";"07/10/2018";"AC";"AC";"ACRE";10000602523;11;49;"Outras aplicações e Investimentos";"#NULO#";"56545,91";"28/01/2019";"16:33:16"
"13/11/2024";"10:55:11";2018;2;"Eleição Ordinária";297;"Eleições Gerais Estaduais 2018";"07/10/2018";"AC";"AC";"ACRE";10000602523;12;49;"Outras aplicações e Investimentos";"#NULO#";"54862,36";"28/01/2019";"16:33:16"
"13/11/2024";"10:55:11";2018;2;"Eleição Ordinária";297;"Eleições Gerais Estaduais 2018";"07/10/2018";"AC";"AC";"ACRE";10000602523;13;49;"Outras aplicações e Investimentos";"#NULO#";"21617,84";"28/01/2019";"16:33:16"
"13/11/2024";"10:55:11";2018;2;"Eleição Ordinária";297;"Eleições Gerais Estaduais 2018";"07/10/2018";"AC";"AC";"ACRE";10000602846;3;49;"Outras aplicações e Investimentos";"#NULO#";"1031,36";"28/01/2019";"16:34:25"
"13/11/2024";"10:55:11";2018;2;"Eleição Ordinária";297;"Eleições Gerais Estaduais 2018";"07/10/2018";"AC";"AC";"ACRE";10000603906;7;49;"Outras aplicações e Investimentos";"#NULO#";"24510,67";"28/01/2019";"16:34:22"
"13/11/2024";"10:55:11";2018;2;"Eleição Ordinária";297;"Eleições Gerais Estaduais 2018";"07/10/2018";"AC";"AC";"ACRE";10000603906;8;49;"Outras aplicações e Investimentos";"#NULO#";"599400,00";"28/01/2019";"16:34:22"
"13/11/2024";"10:55:11";2018;2;"Eleição Ordinária";297;"Eleições Gerais Estaduais 2018";"07/10/2018";"AC";"AC";"ACRE";10000603906;9;49;"Outras aplicações e Investimentos";"#NULO#";"600,00";"28/01/2019";"16:34:22"
"13/11/2024";"10:55:11";2018;2;"Eleição Ordinária";297;"Eleições Gerais Estaduais 2018";"07/10/2018";"AC";"AC";"ACRE";10000608370;4;49;"Outras aplicações e Investimentos";"#NULO#";"1027,99";"28/01/2019";"16:34:25"
"13/11/2024";"10:55:11";2018;2;"Eleição Ordinária";297;"Eleições Gerais Estaduais 2018";"07/10/2018";"AC";"AC";"ACRE";10000608402;14;13;"Terreno";"02 (dois) terrenos urbanos no Condomínio Portal das  Américas, lotes 17 e 19 - bairro Recreio dos Bandeirantes  no Rio de Janeiro - RJ";"110000,00";"28/01/2019";"16:33:05"
"13/11/2024";"10:55:11";2018;2;"Eleição Ordinária";297;"Eleições Gerais Estaduais 2018";"07/10/2018";"AC";"AC";"ACRE";10000608402;20;63;"Dinheiro em espécie - moeda nacional";"Dinheiro em espécie";"150000,00";"28/01/2019";"16:33:05"
"13/11/2024";"10:55:11";2018;2;"Eleição Ordinária";297;"Eleições Gerais Estaduais 2018";"07/10/2018";"AC";"AC";"ACRE";10000610625;4;13;"Terreno";"#NULO#";"30000,00";"28/01/2019";"16:34:15"
"13/11/2024";"10:55:11";2018;2;"Eleição Ordinária";297;"Eleições Gerais Estaduais 2018";"07/10/2018";"AC";"AC";"ACRE";10000610629;1;13;"Terreno";"#NULO#";"45000,00";"28/01/2019";"16:34:26"
"13/11/2024";"10:55:11";2018;2;"Eleição Ordinária";297;"Eleições Gerais Estaduais 2018";"07/10/2018";"AC";"AC";"ACRE";10000610632;2;13;"Terreno";"#NULO#";"200000,00";"28/01/2019";"16:35:08"
"13/11/2024";"10:55:11";2018;2;"Eleição Ordinária";297;"Eleições Gerais Estaduais 2018";"07/10/2018";"AC";"AC";"ACRE";10000610634;4;23;"Embarcação";"#NULO#";"35000,00";"28/01/2019";"16:34:26"
"13/11/2024";"10:55:11";2018;2;"Eleição Ordinária";297;"Eleições Gerais Estaduais 2018";"07/10/2018";"AC";"AC";"ACRE";10000610641;1;13;"Terreno";"#NULO#";"45000,00";"17/09/2018";"19:36:11"
"13/11/2024";"10:55:11";2018;2;"Eleição Ordinária";297;"Eleições Gerais Estaduais 2018";"07/10/2018";"AC";"AC";"ACRE";10000610628;1;23;"Embarcação";"#NULO#";"20000,00";"28/01/2019";"16:33:23"
"13/11/2024";"10:55:11";2018;2;"Eleição Ordinária";297;"Eleições Gerais Estaduais 2018";"07/10/2018";"AC";"AC";"ACRE";10000610652;1;13;"Terreno";"#NULO#";"100000,00";"28/01/2019";"16:33:55"
"13/11/2024";"10:55:11";2018;2;"Eleição Ordinária";297;"Eleições Gerais Estaduais 2018";"07/10/2018";"AC";"AC";"ACRE";10000610652;3;13;"Terreno";"#NULO#";"100000,00";"28/01/2019";"16:33:55"
"13/11/2024";"10:55:11";2018;2;"Eleição Ordinária";297;"Eleições Gerais Estaduais 2018";"07/10/2018";"AC";"AC";"ACRE";10000610652;5;13;"Terreno";"#NULO#";"70000,00";"28/01/2019";"16:33:55"
"13/11/2024";"10:55:11";2018;2;"Eleição Ordinária";297;"Eleições Gerais Estaduais 2018";"07/10/2018";"AC";"AC";"ACRE";10000610652;7;13;"Terreno";"#NULO#";"50000,00";"28/01/2019";"16:33:55"
"13/11/2024";"10:55:11";2018;2;"Eleição Ordinária";297;"Eleições Gerais Estaduais 2018";"07/10/2018";"AC";"AC";"ACRE";10000610652;8;23;"Embarcação";"#NULO#";"15000,00";"28/01/2019";"16:33:55"
"13/11/2024";"10:55:11";2018;2;"Eleição Ordinária";297;"Eleições Gerais Estaduais 2018";"07/10/2018";"AC";"AC";"ACRE";10000610667;3;13;"Terreno";"#NULO#";"280000,00";"28/01/2019";"16:34:12"
"13/11/2024";"10:55:11";2018;2;"Eleição Ordinária";297;"Eleições Gerais Estaduais 2018";"07/10/2018";"AC";"AC";"ACRE";10000610674;3;13;"Terreno";"#NULO#";"40000,00";"28/01/2019";"16:34:49"
"13/11/2024";"10:55:11";2018;2;"Eleição Ordinária";297;"Eleições Gerais Estaduais 2018";"07/10/2018";"AC";"AC";"ACRE";10000610683;1;13;"Terreno";"#NULO#";"250000,00";"28/01/2019";"16:35:03"
"13/11/2024";"10:55:11";2018;2;"Eleição Ordinária";297;"Eleições Gerais Estaduais 2018";"07/10/2018";"AC";"AC";"ACRE";10000610688;2;13;"Terreno";"#NULO#";"250000,00";"28/01/2019";"16:34:35"
"13/11/2024";"10:55:11";2018;2;"Eleição Ordinária";297;"Eleições Gerais Estaduais 2018";"07/10/2018";"AC";"AC";"ACRE";10000610691;1;13;"Terreno";"#NULO#";"50000,00";"28/01/2019";"16:35:09"
"13/11/2024";"10:55:11";2018;2;"Eleição Ordinária";297;"Eleições Gerais Estaduais 2018";"07/10/2018";"AC";"AC";"ACRE";10000610695;1;13;"Terreno";"#NULO#";"30000,00";"28/01/2019";"16:35:09"
"13/11/2024";"10:55:11";2018;2;"Eleição Ordinária";297;"Eleições Gerais Estaduais 2018";"07/10/2018";"AC";"AC";"ACRE";10000615657;11;13;"Terreno";"#NULO#";"40000,00";"08/04/2021";"17:25:19"
"13/11/2024";"10:55:11";2018;2;"Eleição Ordinária";297;"Eleições Gerais Estaduais 2018";"07/10/2018";"AC";"AC";"ACRE";10000615657;9;13;"Terreno";"#NULO#";"225000,00";"08/04/2021";"17:25:19"
"13/11/2024";"10:55:11";2018;2;"Eleição Ordinária";297;"Eleições Gerais Estaduais 2018";"07/10/2018";"AC";"AC";"ACRE";10000615657;10;13;"Terreno";"#NULO#";"80000,00";"08/04/2021";"17:25:19"
"13/11/2024";"10:55:11";2018;2;"Eleição Ordinária";297;"Eleições Gerais Estaduais 2018";"07/10/2018";"AC";"AC";"ACRE";10000615657;15;13;"Terreno";"#NULO#";"180000,00";"08/04/2021";"17:25:19"
"13/11/2024";"10:55:11";2018;2;"Eleição Ordinária";297;"Eleições Gerais Estaduais 2018";"07/10/2018";"AC";"AC";"ACRE";10000615657;6;13;"Terreno";"#NULO#";"566700,00";"08/04/2021";"17:25:19"
"13/11/2024";"10:55:11";2018;2;"Eleição Ordinária";297;"Eleições Gerais Estaduais 2018";"07/10/2018";"AC";"AC";"ACRE";10000615657;8;13;"Terreno";"#NULO#";"25000,00";"08/04/2021";"17:25:19"
"13/11/2024";"10:55:11";2018;2;"Eleição Ordinária";297;"Eleições Gerais Estaduais 2018";"07/10/2018";"AC";"AC";"ACRE";10000615657;16;13;"Terreno";"#NULO#";"350000,00";"08/04/2021";"17:25:19"
"13/11/2024";"10:55:11";2018;2;"Eleição Ordinária";297;"Eleições Gerais Estaduais 2018";"07/10/2018";"AC";"AC";"ACRE";10000615657;17;13;"Terreno";"#NULO#";"250000,00";"08/04/2021";"17:25:19"
"13/11/2024";"10:55:11";2018;2;"Eleição Ordinária";297;"Eleições Gerais Estaduais 2018";"07/10/2018";"AC";"AC";"ACRE";10000615660;1;13;"Terreno";"#NULO#";"100000,00";"08/04/2021";"17:25:19"
"13/11/2024";"10:55:11";2018;2;"Eleição Ordinária";297;"Eleições Gerais Estaduais 2018";"07/10/2018";"AC";"AC";"ACRE";10000615660;4;13;"Terreno";"#NULO#";"164720,00";"08/04/2021";"17:25:19"
"13/11/2024";"10:55:11";2018;2;"Eleição Ordinária";297;"Eleições Gerais Estaduais 2018";"07/10/2018";"AC";"AC";"ACRE";10000615660;5;13;"Terreno";"#NULO#";"164720,00";"08/04/2021";"17:25:19"
"13/11/2024";"10:55:11";2018;2;"Eleição Ordinária";297;"Eleições Gerais Estaduais 2018";"07/10/2018";"AC";"AC";"ACRE";10000615660;6;13;"Terreno";"#NULO#";"164720,00";"08/04/2021";"17:25:19"
"13/11/2024";"10:55:11";2018;2;"Eleição Ordinária";297;"Eleições Gerais Estaduais 2018";"07/10/2018";"AC";"AC";"ACRE";10000615660;9;13;"Terreno";"#NULO#";"100000,00";"08/04/2021";"17:25:19"
"13/11/2024";"10:55:11";2018;2;"Eleição Ordinária";297;"Eleições Gerais Estaduais 2018";"07/10/2018";"AC";"AC";"ACRE";10000615661;9;13;"Terreno";"#NULO#";"1500000,00";"08/04/2021";"17:25:20"
"13/11/2024";"10:55:11";2018;2;"Eleição Ordinária";297;"Eleições Gerais Estaduais 2018";"07/10/2018";"AC";"AC";"ACRE";10000615663;4;13;"Terreno";"#NULO#";"90000,00";"08/04/2021";"17:25:19"
"13/11/2024";"10:55:11";2018;2;"Eleição Ordinária";297;"Eleições Gerais Estaduais 2018";"07/10/2018";"AC";"AC";"ACRE";10000615663;5;13;"Terreno";"#NULO#";"60000,00";"08/04/2021";"17:25:19"
"13/11/2024";"10:55:11";2018;2;"Eleição Ordinária";297;"Eleições Gerais Estaduais 2018";"07/10/2018";"AC";"AC";"ACRE";10000624272;1;13;"Terreno";"#NULO#";"50000,00";"28/01/2019";"16:34:09"
"13/11/2024";"10:55:11";2018;2;"Eleição Ordinária";297;"Eleições Gerais Estaduais 2018";"07/10/2018";"AC";"AC";"ACRE";10000624275;1;13;"Terreno";"#NULO#";"9000,00";"17/09/2018";"19:36:13"
"13/11/2024";"10:55:11";2018;2;"Eleição Ordinária";297;"Eleições Gerais Estaduais 2018";"07/10/2018";"AC";"AC";"ACRE";10000624278;3;13;"Terreno";"#NULO#";"30000,00";"28/01/2019";"16:34:10"
"13/11/2024";"10:55:11";2018;2;"Eleição Ordinária";297;"Eleições Gerais Estaduais 2018";"07/10/2018";"AC";"AC";"ACRE";10000624278;4;13;"Terreno";"#NULO#";"35000,00";"28/01/2019";"16:34:10"
"13/11/2024";"10:55:11";2018;2;"Eleição Ordinária";297;"Eleições Gerais Estaduais 2018";"07/10/2018";"AC";"AC";"ACRE";10000624289;2;13;"Terreno";"#NULO#";"5868,00";"28/01/2019";"16:34:43"
"13/11/2024";"10:55:11";2018;2;"Eleição Ordinária";297;"Eleições Gerais Estaduais 2018";"07/10/2018";"AC";"AC";"ACRE";10000624289;3;13;"Terreno";"#NULO#";"9000,00";"28/01/2019";"16:34:43"
"13/11/2024";"10:55:11";2018;2;"Eleição Ordinária";297;"Eleições Gerais Estaduais 2018";"07/10/2018";"AC";"AC";"ACRE";10000624289;4;13;"Terreno";"#NULO#";"5000,00";"28/01/2019";"16:34:43"
"13/11/2024";"10:55:11";2018;2;"Eleição Ordinária";297;"Eleições Gerais Estaduais 2018";"07/10/2018";"AC";"AC";"ACRE";10000624289;5;13;"Terreno";"#NULO#";"25000,00";"28/01/2019";"16:34:43"
"13/11/2024";"10:55:11";2018;2;"Eleição Ordinária";297;"Eleições Gerais Estaduais 2018";"07/10/2018";"AC";"AC";"ACRE";10000624289;6;13;"Terreno";"#NULO#";"15000,00";"28/01/2019";"16:34:43"
"13/11/2024";"10:55:11";2018;2;"Eleição Ordinária";297;"Eleições Gerais Estaduais 2018";"07/10/2018";"AC";"AC";"ACRE";10000624289;12;13;"Terreno";"#NULO#";"15000,00";"28/01/2019";"16:34:43"
"13/11/2024";"10:55:11";2018;2;"Eleição Ordinária";297;"Eleições Gerais Estaduais 2018";"07/10/2018";"AC";"AC";"ACRE";10000624289;13;13;"Terreno";"#NULO#";"30000,00";"28/01/2019";"16:34:43"
"13/11/2024";"10:55:11";2018;2;"Eleição Ordinária";297;"Eleições Gerais Estaduais 2018";"07/10/2018";"AC";"AC";"ACRE";10000624289;14;13;"Terreno";"#NULO#";"30000,00";"28/01/2019";"16:34:43"
"13/11/2024";"10:55:11";2018;2;"Eleição Ordinária";297;"Eleições Gerais Estaduais 2018";"07/10/2018";"AC";"AC";"ACRE";10000624289;15;13;"Terreno";"#NULO#";"15000,00";"28/01/2019";"16:34:43"
"13/11/2024";"10:55:11";2018;2;"Eleição Ordinária";297;"Eleições Gerais Estaduais 2018";"07/10/2018";"AC";"AC";"ACRE";10000624289;35;13;"Terreno";"#NULO#";"50000,00";"28/01/2019";"16:34:43"
"13/11/2024";"10:55:11";2018;2;"Eleição Ordinária";297;"Eleições Gerais Estaduais 2018";"07/10/2018";"AC";"AC";"ACRE";10000624289;43;13;"Terreno";"#NULO#";"66500,00";"28/01/2019";"16:34:43"
"13/11/2024";"10:55:11";2018;2;"Eleição Ordinária";297;"Eleições Gerais Estaduais 2018";"07/10/2018";"AC";"AC";"ACRE";10000624289;44;13;"Terreno";"#NULO#";"23574,96";"28/01/2019";"16:34:43"
"13/11/2024";"10:55:11";2018;2;"Eleição Ordinária";297;"Eleições Gerais Estaduais 2018";"07/10/2018";"AC";"AC";"ACRE";10000624303;5;13;"Terreno";"#NULO#";"20000,00";"28/01/2019";"16:34:24"
"13/11/2024";"10:55:11";2018;2;"Eleição Ordinária";297;"Eleições Gerais Estaduais 2018";"07/10/2018";"AC";"AC";"ACRE";10000624304;10;13;"Terreno";"#NULO#";"100000,00";"28/01/2019";"16:34:24"
"13/11/2024";"10:55:11";2018;2;"Eleição Ordinária";297;"Eleições Gerais Estaduais 2018";"07/10/2018";"AC";"AC";"ACRE";10000624304;11;13;"Terreno";"#NULO#";"70000,00";"28/01/2019";"16:34:24"
"13/11/2024";"10:55:11";2018;2;"Eleição Ordinária";297;"Eleições Gerais Estaduais 2018";"07/10/2018";"AC";"AC";"ACRE";10000624305;3;13;"Terreno";"#NULO#";"120000,00";"28/01/2019";"16:34:28"
"13/11/2024";"10:55:11";2018;2;"Eleição Ordinária";297;"Eleições Gerais Estaduais 2018";"07/10/2018";"AC";"AC";"ACRE";10000624305;4;13;"Terreno";"#NULO#";"50000,00";"28/01/2019";"16:34:28"
"13/11/2024";"10:55:11";2018;2;"Eleição Ordinária";297;"Eleições Gerais Estaduais 2018";"07/10/2018";"AC";"AC";"ACRE";10000624305;5;13;"Terreno";"#NULO#";"120000,00";"28/01/2019";"16:34:28"
"13/11/2024";"10:55:11";2018;2;"Eleição Ordinária";297;"Eleições Gerais Estaduais 2018";"07/10/2018";"AC";"AC";"ACRE";10000624305;6;13;"Terreno";"#NULO#";"15000,00";"28/01/2019";"16:34:28"
"13/11/2024";"10:55:11";2018;2;"Eleição Ordinária";297;"Eleições Gerais Estaduais 2018";"07/10/2018";"AC";"AC";"ACRE";10000624305;9;13;"Terreno";"#NULO#";"50000,00";"28/01/2019";"16:34:28"
"13/11/2024";"10:55:11";2018;2;"Eleição Ordinária";297;"Eleições Gerais Estaduais 2018";"07/10/2018";"AC";"AC";"ACRE";10000624310;1;13;"Terreno";"#NULO#";"20000,00";"28/01/2019";"16:35:05"
"13/11/2024";"10:55:11";2018;2;"Eleição Ordinária";297;"Eleições Gerais Estaduais 2018";"07/10/2018";"AC";"AC";"ACRE";10000624316;1;13;"Terreno";"#NULO#";"51324,00";"17/09/2018";"19:36:13"
"13/11/2024";"10:55:11";2018;2;"Eleição Ordinária";297;"Eleições Gerais Estaduais 2018";"07/10/2018";"AC";"AC";"ACRE";10000615657;4;15;"Sala ou conjunto";"#NULO#";"377465,57";"08/04/2021";"17:25:19"
"13/11/2024";"10:55:11";2018;2;"Eleição Ordinária";297;"Eleições Gerais Estaduais 2018";"07/10/2018";"AC";"AC";"ACRE";10000615658;12;73;"Fundo de Investimento Imobiliário";"#NULO#";"292061,01";"08/04/2021";"17:25:20"
"13/11/2024";"10:55:11";2018;2;"Eleição Ordinária";297;"Eleições Gerais Estaduais 2018";"07/10/2018";"AC";"AC";"ACRE";10000615660;3;74;"Fundos: Ações, Mútuos de Privatização, Invest. Empresas Emergentes, Invest.Participação e Invest. Índice Mercado";"#NULO#";"100000,00";"08/04/2021";"17:25:19"
"13/11/2024";"10:55:11";2018;2;"Eleição Ordinária";297;"Eleições Gerais Estaduais 2018";"07/10/2018";"AC";"AC";"ACRE";10000615661;2;74;"Fundos: Ações, Mútuos de Privatização, Invest. Empresas Emergentes, Invest.Participação e Invest. Índice Mercado";"#NULO#";"5940000,00";"08/04/2021";"17:25:20"
"13/11/2024";"10:55:11";2018;2;"Eleição Ordinária";297;"Eleições Gerais Estaduais 2018";"07/10/2018";"AC";"AC";"ACRE";10000615661;3;74;"Fundos: Ações, Mútuos de Privatização, Invest. Empresas Emergentes, Invest.Participação e Invest. Índice Mercado";"#NULO#";"10000,00";"08/04/2021";"17:25:20"
"13/11/2024";"10:55:11";2018;2;"Eleição Ordinária";297;"Eleições Gerais Estaduais 2018";"07/10/2018";"AC";"AC";"ACRE";10000615661;6;74;"Fundos: Ações, Mútuos de Privatização, Invest. Empresas Emergentes, Invest.Participação e Invest. Índice Mercado";"#NULO#";"2700,00";"08/04/2021";"17:25:20"
"13/11/2024";"10:55:11";2018;2;"Eleição Ordinária";297;"Eleições Gerais Estaduais 2018";"07/10/2018";"AC";"AC";"ACRE";10000615661;13;74;"Fundos: Ações, Mútuos de Privatização, Invest. Empresas Emergentes, Invest.Participação e Invest. Índice Mercado";"#NULO#";"2700,00";"08/04/2021";"17:25:20"
"13/11/2024";"10:55:11";2018;2;"Eleição Ordinária";297;"Eleições Gerais Estaduais 2018";"07/10/2018";"AC";"AC";"ACRE";10000615661;14;74;"Fundos: Ações, Mútuos de Privatização, Invest. Empresas Emergentes, Invest.Participação e Invest. Índice Mercado";"#NULO#";"3600,00";"08/04/2021";"17:25:20"
"13/11/2024";"10:55:11";2018;2;"Eleição Ordinária";297;"Eleições Gerais Estaduais 2018";"07/10/2018";"AC";"AC";"ACRE";10000615661;15;74;"Fundos: Ações, Mútuos de Privatização, Invest. Empresas Emergentes, Invest.Participação e Invest. Índice Mercado";"#NULO#";"960,00";"08/04/2021";"17:25:20"
"13/11/2024";"10:55:11";2018;2;"Eleição Ordinária";297;"Eleições Gerais Estaduais 2018";"07/10/2018";"AC";"AC";"ACRE";10000615661;16;74;"Fundos: Ações, Mútuos de Privatização, Invest. Empresas Emergentes, Invest.Participação e Invest. Índice Mercado";"#NULO#";"1250,00";"08/04/2021";"17:25:20"
"13/11/2024";"10:55:11";2018;2;"Eleição Ordinária";297;"Eleições Gerais Estaduais 2018";"07/10/2018";"AC";"AC";"ACRE";10000615661;19;74;"Fundos: Ações, Mútuos de Privatização, Invest. Empresas Emergentes, Invest.Participação e Invest. Índice Mercado";"#NULO#";"1200000,00";"08/04/2021";"17:25:20"
"13/11/2024";"10:55:11";2018;2;"Eleição Ordinária";297;"Eleições Gerais Estaduais 2018";"07/10/2018";"AC";"AC";"ACRE";10000615661;20;74;"Fundos: Ações, Mútuos de Privatização, Invest. Empresas Emergentes, Invest.Participação e Invest. Índice Mercado";"#NULO#";"5000,00";"08/04/2021";"17:25:20"
"13/11/2024";"10:55:11";2018;2;"Eleição Ordinária";297;"Eleições Gerais Estaduais 2018";"07/10/2018";"AC";"AC";"ACRE";10000615661;21;74;"Fundos: Ações, Mútuos de Privatização, Invest. Empresas Emergentes, Invest.Participação e Invest. Índice Mercado";"#NULO#";"390000,00";"08/04/2021";"17:25:20"
"13/11/2024";"10:55:11";2018;2;"Eleição Ordinária";297;"Eleições Gerais Estaduais 2018";"07/10/2018";"AC";"AC";"ACRE";10000615661;25;74;"Fundos: Ações, Mútuos de Privatização, Invest. Empresas Emergentes, Invest.Participação e Invest. Índice Mercado";"#NULO#";"316271,39";"08/04/2021";"17:25:20"
"13/11/2024";"10:55:11";2018;2;"Eleição Ordinária";297;"Eleições Gerais Estaduais 2018";"07/10/2018";"AC";"AC";"ACRE";10000615661;29;74;"Fundos: Ações, Mútuos de Privatização, Invest. Empresas Emergentes, Invest.Participação e Invest. Índice Mercado";"#NULO#";"8427,02";"08/04/2021";"17:25:20"
"13/11/2024";"10:55:11";2018;2;"Eleição Ordinária";297;"Eleições Gerais Estaduais 2018";"07/10/2018";"AC";"AC";"ACRE";10000615661;30;74;"Fundos: Ações, Mútuos de Privatização, Invest. Empresas Emergentes, Invest.Participação e Invest. Índice Mercado";"#NULO#";"3530,01";"08/04/2021";"17:25:20"
"13/11/2024";"10:55:11";2018;2;"Eleição Ordinária";297;"Eleições Gerais Estaduais 2018";"07/10/2018";"AC";"AC";"ACRE";10000615661;34;74;"Fundos: Ações, Mútuos de Privatização, Invest. Empresas Emergentes, Invest.Participação e Invest. Índice Mercado";"#NULO#";"40000,00";"08/04/2021";"17:25:20"
"13/11/2024";"10:55:11";2018;2;"Eleição Ordinária";297;"Eleições Gerais Estaduais 2018";"07/10/2018";"AC";"AC";"ACRE";10000615661;35;74;"Fundos: Ações, Mútuos de Privatização, Invest. Empresas Emergentes, Invest.Participação e Invest. Índice Mercado";"#NULO#";"45546,36";"08/04/2021";"17:25:20"
"13/11/2024";"10:55:11";2018;2;"Eleição Ordinária";297;"Eleições Gerais Estaduais 2018";"07/10/2018";"AC";"AC";"ACRE";10000615661;36;74;"Fundos: Ações, Mútuos de Privatização, Invest. Empresas Emergentes, Invest.Participação e Invest. Índice Mercado";"#NULO#";"234457,95";"08/04/2021";"17:25:20"
"13/11/2024";"10:55:11";2018;2;"Eleição Ordinária";297;"Eleições Gerais Estaduais 2018";"07/10/2018";"AC";"AC";"ACRE";10000615661;37;74;"Fundos: Ações, Mútuos de Privatização, Invest. Empresas Emergentes, Invest.Participação e Invest. Índice Mercado";"#NULO#";"20000,00";"08/04/2021";"17:25:20"
"13/11/2024";"10:55:11";2018;2;"Eleição Ordinária";297;"Eleições Gerais Estaduais 2018";"07/10/2018";"AC";"AC";"ACRE";10000615661;38;74;"Fundos: Ações, Mútuos de Privatização, Invest. Empresas Emergentes, Invest.Participação e Invest. Índice Mercado";"#NULO#";"292390,32";"08/04/2021";"17:25:20"
"13/11/2024";"10:55:11";2018;2;"Eleição Ordinária";297;"Eleições Gerais Estaduais 2018";"07/10/2018";"AC";"AC";"ACRE";10000624289;17;74;"Fundos: Ações, Mútuos de Privatização, Invest. Empresas Emergentes, Invest.Participação e Invest. Índice Mercado";"#NULO#";"90,18";"28/01/2019";"16:34:43"
"13/11/2024";"10:55:11";2018;2;"Eleição Ordinária";297;"Eleições Gerais Estaduais 2018";"07/10/2018";"AC";"AC";"ACRE";10000624289;18;74;"Fundos: Ações, Mútuos de Privatização, Invest. Empresas Emergentes, Invest.Participação e Invest. Índice Mercado";"#NULO#";"9,08";"28/01/2019";"16:34:43"
"13/11/2024";"10:55:11";2018;2;"Eleição Ordinária";297;"Eleições Gerais Estaduais 2018";"07/10/2018";"AC";"AC";"ACRE";10000624289;21;74;"Fundos: Ações, Mútuos de Privatização, Invest. Empresas Emergentes, Invest.Participação e Invest. Índice Mercado";"#NULO#";"3725,90";"28/01/2019";"16:34:43"
"13/11/2024";"10:55:11";2018;2;"Eleição Ordinária";297;"Eleições Gerais Estaduais 2018";"07/10/2018";"AC";"AC";"ACRE";10000624289;22;74;"Fundos: Ações, Mútuos de Privatização, Invest. Empresas Emergentes, Invest.Participação e Invest. Índice Mercado";"#NULO#";"7478,75";"28/01/2019";"16:34:43"
"13/11/2024";"10:55:11";2018;2;"Eleição Ordinária";297;"Eleições Gerais Estaduais 2018";"07/10/2018";"AC";"AC";"ACRE";10000624289;23;74;"Fundos: Ações, Mútuos de Privatização, Invest. Empresas Emergentes, Invest.Participação e Invest. Índice Mercado";"#NULO#";"8780,00";"28/01/2019";"16:34:43"
"13/11/2024";"10:55:11";2018;2;"Eleição Ordinária";297;"Eleições Gerais Estaduais 2018";"07/10/2018";"AC";"AC";"ACRE";10000624289;24;74;"Fundos: Ações, Mútuos de Privatização, Invest. Empresas Emergentes, Invest.Participação e Invest. Índice Mercado";"#NULO#";"61470,74";"28/01/2019";"16:34:43"
"13/11/2024";"10:55:11";2018;2;"Eleição Ordinária";297;"Eleições Gerais Estaduais 2018";"07/10/2018";"AC";"AC";"ACRE";10000624289;25;74;"Fundos: Ações, Mútuos de Privatização, Invest. Empresas Emergentes, Invest.Participação e Invest. Índice Mercado";"#NULO#";"14161,15";"28/01/2019";"16:34:43"
"13/11/2024";"10:55:11";2018;2;"Eleição Ordinária";297;"Eleições Gerais Estaduais 2018";"07/10/2018";"AC";"AC";"ACRE";10000624289;26;74;"Fundos: Ações, Mútuos de Privatização, Invest. Empresas Emergentes, Invest.Participação e Invest. Índice Mercado";"#NULO#";"10260,00";"28/01/2019";"16:34:43"
"13/11/2024";"10:55:11";2018;2;"Eleição Ordinária";297;"Eleições Gerais Estaduais 2018";"07/10/2018";"AC";"AC";"ACRE";10000624289;27;74;"Fundos: Ações, Mútuos de Privatização, Invest. Empresas Emergentes, Invest.Participação e Invest. Índice Mercado";"#NULO#";"9950,89";"28/01/2019";"16:34:43"
"13/11/2024";"10:55:11";2018;2;"Eleição Ordinária";297;"Eleições Gerais Estaduais 2018";"07/10/2018";"AC";"AC";"ACRE";10000624289;28;74;"Fundos: Ações, Mútuos de Privatização, Invest. Empresas Emergentes, Invest.Participação e Invest. Índice Mercado";"#NULO#";"9723,51";"28/01/2019";"16:34:43"
"13/11/2024";"10:55:11";2018;2;"Eleição Ordinária";297;"Eleições Gerais Estaduais 2018";"07/10/2018";"AC";"AC";"ACRE";10000624289;29;74;"Fundos: Ações, Mútuos de Privatização, Invest. Empresas Emergentes, Invest.Participação e Invest. Índice Mercado";"#NULO#";"26789,38";"28/01/2019";"16:34:43"
"13/11/2024";"10:55:11";2018;2;"Eleição Ordinária";297;"Eleições Gerais Estaduais 2018";"07/10/2018";"AC";"AC";"ACRE";10000624289;30;74;"Fundos: Ações, Mútuos de Privatização, Invest. Empresas Emergentes, Invest.Participação e Invest. Índice Mercado";"#NULO#";"5190,00";"28/01/2019";"16:34:43"
"13/11/2024";"10:55:11";2018;2;"Eleição Ordinária";297;"Eleições Gerais Estaduais 2018";"07/10/2018";"AC";"AC";"ACRE";10000624289;31;74;"Fundos: Ações, Mútuos de Privatização, Invest. Empresas Emergentes, Invest.Participação e Invest. Índice Mercado";"#NULO#";"20093,92";"28/01/2019";"16:34:43"
"13/11/2024";"10:55:11";2018;2;"Eleição Ordinária";297;"Eleições Gerais Estaduais 2018";"07/10/2018";"AC";"AC";"ACRE";10000624289;32;74;"Fundos: Ações, Mútuos de Privatização, Invest. Empresas Emergentes, Invest.Participação e Invest. Índice Mercado";"#NULO#";"3569,42";"28/01/2019";"16:34:43"
"13/11/2024";"10:55:11";2018;2;"Eleição Ordinária";297;"Eleições Gerais Estaduais 2018";"07/10/2018";"AC";"AC";"ACRE";10000624289;33;74;"Fundos: Ações, Mútuos de Privatização, Invest. Empresas Emergentes, Invest.Participação e Invest. Índice Mercado";"#NULO#";"3569,42";"28/01/2019";"16:34:43"
"13/11/2024";"10:55:11";2018;2;"Eleição Ordinária";297;"Eleições Gerais Estaduais 2018";"07/10/2018";"AC";"AC";"ACRE";10000624289;34;74;"Fundos: Ações, Mútuos de Privatização, Invest. Empresas Emergentes, Invest.Participação e Invest. Índice Mercado";"#NULO#";"421,62";"28/01/2019";"16:34:43"
"13/11/2024";"10:55:11";2018;2;"Eleição Ordinária";297;"Eleições Gerais Estaduais 2018";"07/10/2018";"AC";"AC";"ACRE";10000624289;36;74;"Fundos: Ações, Mútuos de Privatização, Invest. Empresas Emergentes, Invest.Participação e Invest. Índice Mercado";"#NULO#";"9101,45";"28/01/2019";"16:34:43"
"13/11/2024";"10:55:11";2018;2;"Eleição Ordinária";297;"Eleições Gerais Estaduais 2018";"07/10/2018";"AC";"AC";"ACRE";10000624289;37;74;"Fundos: Ações, Mútuos de Privatização, Invest. Empresas Emergentes, Invest.Participação e Invest. Índice Mercado";"#NULO#";"13652,17";"28/01/2019";"16:34:43"
"13/11/2024";"10:55:11";2018;2;"Eleição Ordinária";297;"Eleições Gerais Estaduais 2018";"07/10/2018";"AC";"AC";"ACRE";10000624289;39;73;"Fundo de Investimento Imobiliário";"#NULO#";"166000,00";"28/01/2019";"16:34:43"
"13/11/2024";"10:55:11";2018;2;"Eleição Ordinária";297;"Eleições Gerais Estaduais 2018";"07/10/2018";"AC";"AC";"ACRE";10000624289;40;74;"Fundos: Ações, Mútuos de Privatização, Invest. Empresas Emergentes, Invest.Participação e Invest. Índice Mercado";"#NULO#";"79640,00";"28/01/2019";"16:34:43"
"13/11/2024";"10:55:11";2018;2;"Eleição Ordinária";297;"Eleições Gerais Estaduais 2018";"07/10/2018";"AC";"AC";"ACRE";10000624289;41;74;"Fundos: Ações, Mútuos de Privatização, Invest. Empresas Emergentes, Invest.Participação e Invest. Índice Mercado";"#NULO#";"23679,47";"28/01/2019";"16:34:43"
"13/11/2024";"10:55:11";2018;2;"Eleição Ordinária";297;"Eleições Gerais Estaduais 2018";"07/10/2018";"AC";"AC";"ACRE";10000624295;1;74;"Fundos: Ações, Mútuos de Privatização, Invest. Empresas Emergentes, Invest.Participação e Invest. Índice Mercado";"#NULO#";"140000,00";"28/01/2019";"16:34:28"
"13/11/2024";"10:55:11";2018;2;"Eleição Ordinária";297;"Eleições Gerais Estaduais 2018";"07/10/2018";"AC";"AC";"ACRE";10000624296;3;74;"Fundos: Ações, Mútuos de Privatização, Invest. Empresas Emergentes, Invest.Participação e Invest. Índice Mercado";"#NULO#";"120000,00";"28/01/2019";"16:34:24"
"13/11/2024";"10:55:11";2018;2;"Eleição Ordinária";297;"Eleições Gerais Estaduais 2018";"07/10/2018";"AC";"AC";"ACRE";10000624304;1;74;"Fundos: Ações, Mútuos de Privatização, Invest. Empresas Emergentes, Invest.Participação e Invest. Índice Mercado";"#NULO#";"31200,00";"28/01/2019";"16:34:24"
"13/11/2024";"10:55:11";2018;2;"Eleição Ordinária";297;"Eleições Gerais Estaduais 2018";"07/10/2018";"AC";"AC";"ACRE";10000624304;2;74;"Fundos: Ações, Mútuos de Privatização, Invest. Empresas Emergentes, Invest.Participação e Invest. Índice Mercado";"#NULO#";"70000,00";"28/01/2019";"16:34:24"
"13/11/2024";"10:55:11";2018;2;"Eleição Ordinária";297;"Eleições Gerais Estaduais 2018";"07/10/2018";"AC";"AC";"ACRE";10000624304;3;74;"Fundos: Ações, Mútuos de Privatização, Invest. Empresas Emergentes, Invest.Participação e Invest. Índice Mercado";"#NULO#";"70000,00";"28/01/2019";"16:34:24"
"13/11/2024";"10:55:11";2018;2;"Eleição Ordinária";297;"Eleições Gerais Estaduais 2018";"07/10/2018";"AC";"AC";"ACRE";10000624304;4;74;"Fundos: Ações, Mútuos de Privatização, Invest. Empresas Emergentes, Invest.Participação e Invest. Índice Mercado";"#NULO#";"160000,00";"28/01/2019";"16:34:24"
"13/11/2024";"10:55:11";2018;2;"Eleição Ordinária";297;"Eleições Gerais Estaduais 2018";"07/10/2018";"AC";"AC";"ACRE";10000624304;5;74;"Fundos: Ações, Mútuos de Privatização, Invest. Empresas Emergentes, Invest.Participação e Invest. Índice Mercado";"#NULO#";"72000,00";"28/01/2019";"16:34:24"
"13/11/2024";"10:55:11";2018;2;"Eleição Ordinária";297;"Eleições Gerais Estaduais 2018";"07/10/2018";"AC";"AC";"ACRE";10000624304;6;74;"Fundos: Ações, Mútuos de Privatização, Invest. Empresas Emergentes, Invest.Participação e Invest. Índice Mercado";"#NULO#";"60000,00";"28/01/2019";"16:34:24"
"13/11/2024";"10:55:11";2018;2;"Eleição Ordinária";297;"Eleições Gerais Estaduais 2018";"07/10/2018";"AC";"AC";"ACRE";10000624305;2;74;"Fundos: Ações, Mútuos de Privatização, Invest. Empresas Emergentes, Invest.Participação e Invest. Índice Mercado";"#NULO#";"80000,00";"28/01/2019";"16:34:28"
"13/11/2024";"10:55:11";2018;2;"Eleição Ordinária";297;"Eleições Gerais Estaduais 2018";"07/10/2018";"AC";"AC";"ACRE";10000610638;2;2;"Prédio comercial";"#NULO#";"300000,00";"28/01/2019";"16:34:15"
"13/11/2024";"10:55:11";2018;2;"Eleição Ordinária";297;"Eleições Gerais Estaduais 2018";"07/10/2018";"AC";"AC";"ACRE";10000624289;19;2;"Prédio comercial";"#NULO#";"50000,00";"28/01/2019";"16:34:43"
"13/11/2024";"10:55:11";2018;2;"Eleição Ordinária";297;"Eleições Gerais Estaduais 2018";"07/10/2018";"AC";"AC";"ACRE";10000624289;42;72;"Fundo de Longo Prazo e Fundo de Investimentos em Direitos Creditórios (FIDC)";"#NULO#";"10200,00";"28/01/2019";"16:34:43"
"13/11/2024";"10:55:11";2018;2;"Eleição Ordinária";297;"Eleições Gerais Estaduais 2018";"07/10/2018";"AC";"AC";"ACRE";10000624305;7;2;"Prédio comercial";"#NULO#";"150000,00";"28/01/2019";"16:34:28"
"13/11/2024";"10:55:11";2018;2;"Eleição Ordinária";297;"Eleições Gerais Estaduais 2018";"07/10/2018";"AC";"AC";"ACRE";10000600853;1;2;"Prédio comercial";"#NULO#";"500000,00";"28/01/2019";"16:33:12"
"13/11/2024";"10:55:11";2018;2;"Eleição Ordinária";297;"Eleições Gerais Estaduais 2018";"07/10/2018";"AC";"AC";"ACRE";10000602285;3;2;"Prédio comercial";"#NULO#";"300000,00";"28/01/2019";"16:34:25"
"13/11/2024";"10:55:11";2018;2;"Eleição Ordinária";297;"Eleições Gerais Estaduais 2018";"07/10/2018";"AC";"AC";"ACRE";10000602289;1;2;"Prédio comercial";"#NULO#";"4000000,00";"28/01/2019";"16:33:06"
"13/11/2024";"10:55:11";2018;2;"Eleição Ordinária";297;"Eleições Gerais Estaduais 2018";"07/10/2018";"AC";"AC";"ACRE";10000602307;1;2;"Prédio comercial";"#NULO#";"160000,00";"28/01/2019";"16:34:33"
"13/11/2024";"10:55:11";2018;2;"Eleição Ordinária";297;"Eleições Gerais Estaduais 2018";"07/10/2018";"AC";"AC";"ACRE";10000602324;2;2;"Prédio comercial";"#NULO#";"300000,00";"28/01/2019";"16:35:07"
"13/11/2024";"10:55:11";2018;2;"Eleição Ordinária";297;"Eleições Gerais Estaduais 2018";"07/10/2018";"AC";"AC";"ACRE";10000602860;1;2;"Prédio comercial";"#NULO#";"250000,00";"28/01/2019";"16:35:06"
"13/11/2024";"10:55:11";2018;2;"Eleição Ordinária";297;"Eleições Gerais Estaduais 2018";"07/10/2018";"AC";"AC";"ACRE";10000603062;5;2;"Prédio comercial";"#NULO#";"1000000,00";"08/04/2021";"17:25:19"
"13/11/2024";"10:55:11";2018;2;"Eleição Ordinária";297;"Eleições Gerais Estaduais 2018";"07/10/2018";"AC";"AC";"ACRE";10000603063;1;2;"Prédio comercial";"#NULO#";"3936,74";"08/04/2021";"17:25:19"
"13/11/2024";"10:55:11";2018;2;"Eleição Ordinária";297;"Eleições Gerais Estaduais 2018";"07/10/2018";"AC";"AC";"ACRE";10000603063;5;2;"Prédio comercial";"#NULO#";"180000,00";"08/04/2021";"17:25:19"
"13/11/2024";"10:55:11";2018;2;"Eleição Ordinária";297;"Eleições Gerais Estaduais 2018";"07/10/2018";"AC";"AC";"ACRE";10000603063;9;2;"Prédio comercial";"#NULO#";"73552,30";"08/04/2021";"17:25:19"
"13/11/2024";"10:55:11";2018;2;"Eleição Ordinária";297;"Eleições Gerais Estaduais 2018";"07/10/2018";"AC";"AC";"ACRE";10000603063;10;2;"Prédio comercial";"#NULO#";"328,05";"08/04/2021";"17:25:19"
"13/11/2024";"10:55:11";2018;2;"Eleição Ordinária";297;"Eleições Gerais Estaduais 2018";"07/10/2018";"AC";"AC";"ACRE";10000603063;16;2;"Prédio comercial";"#NULO#";"200000,00";"08/04/2021";"17:25:19"
"13/11/2024";"10:55:11";2018;2;"Eleição Ordinária";297;"Eleições Gerais Estaduais 2018";"07/10/2018";"AC";"AC";"ACRE";10000603063;18;2;"Prédio comercial";"#NULO#";"656,11";"08/04/2021";"17:25:19"
"13/11/2024";"10:55:11";2018;2;"Eleição Ordinária";297;"Eleições Gerais Estaduais 2018";"07/10/2018";"AC";"AC";"ACRE";10000603063;21;2;"Prédio comercial";"#NULO#";"240000,00";"08/04/2021";"17:25:19"
"13/11/2024";"10:55:11";2018;2;"Eleição Ordinária";297;"Eleições Gerais Estaduais 2018";"07/10/2018";"AC";"AC";"ACRE";10000603898;1;2;"Prédio comercial";"#NULO#";"600000,00";"28/01/2019";"16:34:17"
"13/11/2024";"10:55:11";2018;2;"Eleição Ordinária";297;"Eleições Gerais Estaduais 2018";"07/10/2018";"AC";"AC";"ACRE";10000604772;2;2;"Prédio comercial";"UNID. COMERCIAL SITUADO À RUA DONA CONSTANCIA, TARAUACA-AC, ADQ. 01/08/1979";"24492,00";"17/09/2018";"19:36:09"
"13/11/2024";"10:55:11";2018;2;"Eleição Ordinária";297;"Eleições Gerais Estaduais 2018";"07/10/2018";"AC";"AC";"ACRE";10000607164;1;2;"Prédio comercial";"#NULO#";"90000,00";"28/01/2019";"16:35:03"
"13/11/2024";"10:55:11";2018;2;"Eleição Ordinária";297;"Eleições Gerais Estaduais 2018";"07/10/2018";"AC";"AC";"ACRE";10000607165;1;2;"Prédio comercial";"#NULO#";"100000,00";"28/01/2019";"16:34:22"
"13/11/2024";"10:55:11";2018;2;"Eleição Ordinária";297;"Eleições Gerais Estaduais 2018";"07/10/2018";"AC";"AC";"ACRE";10000608365;4;2;"Prédio comercial";"#NULO#";"112384,00";"28/01/2019";"16:34:20"
"13/11/2024";"10:55:11";2018;2;"Eleição Ordinária";297;"Eleições Gerais Estaduais 2018";"07/10/2018";"AC";"AC";"ACRE";10000608398;7;45;"Aplicação de renda fixa (CDB, RDB e outros)";"#NULO#";"30816,47";"28/01/2019";"16:33:19"
"13/11/2024";"10:55:11";2018;2;"Eleição Ordinária";297;"Eleições Gerais Estaduais 2018";"07/10/2018";"AC";"AC";"ACRE";10000610652;10;45;"Aplicação de renda fixa (CDB, RDB e outros)";"#NULO#";"71500,00";"28/01/2019";"16:33:55"
"13/11/2024";"10:55:11";2018;2;"Eleição Ordinária";297;"Eleições Gerais Estaduais 2018";"07/10/2018";"AC";"AC";"ACRE";10000610652;11;45;"Aplicação de renda fixa (CDB, RDB e outros)";"#NULO#";"226000,00";"28/01/2019";"16:33:55"
"13/11/2024";"10:55:11";2018;2;"Eleição Ordinária";297;"Eleições Gerais Estaduais 2018";"07/10/2018";"AC";"AC";"ACRE";10000610673;4;45;"Aplicação de renda fixa (CDB, RDB e outros)";"#NULO#";"4628,92";"28/01/2019";"16:33:22"
"13/11/2024";"10:55:11";2018;2;"Eleição Ordinária";297;"Eleições Gerais Estaduais 2018";"07/10/2018";"AC";"AC";"ACRE";10000615657;5;45;"Aplicação de renda fixa (CDB, RDB e outros)";"#NULO#";"41000,00";"08/04/2021";"17:25:19"
"13/11/2024";"10:55:11";2018;2;"Eleição Ordinária";297;"Eleições Gerais Estaduais 2018";"07/10/2018";"AC";"AC";"ACRE";10000615658;15;45;"Aplicação de renda fixa (CDB, RDB e outros)";"#NULO#";"1669,31";"08/04/2021";"17:25:20"
"13/11/2024";"10:55:11";2018;2;"Eleição Ordinária";297;"Eleições Gerais Estaduais 2018";"07/10/2018";"AC";"AC";"ACRE";10000615661;32;45;"Aplicação de renda fixa (CDB, RDB e outros)";"#NULO#";"202500,00";"08/04/2021";"17:25:20"
"13/11/2024";"10:55:11";2018;2;"Eleição Ordinária";297;"Eleições Gerais Estaduais 2018";"07/10/2018";"AC";"AC";"ACRE";10000624289;38;45;"Aplicação de renda fixa (CDB, RDB e outros)";"#NULO#";"60595,83";"28/01/2019";"16:34:43"
"13/11/2024";"10:55:11";2018;2;"Eleição Ordinária";297;"Eleições Gerais Estaduais 2018";"07/10/2018";"AC";"AC";"ACRE";10000600003;1;15;"Sala ou conjunto";"Cinco salas comerciais na Estrada do Calafate 400 m2 Estrada do Calafate, 5.198 CEP 69.914-312";"250000,00";"08/04/2021";"17:25:19"
"13/11/2024";"10:55:11";2018;2;"Eleição Ordinária";297;"Eleições Gerais Estaduais 2018";"07/10/2018";"AC";"AC";"ACRE";10000600132;3;15;"Sala ou conjunto";"#NULO#";"86000,00";"28/01/2019";"16:33:54"
"13/11/2024";"10:55:11";2018;2;"Eleição Ordinária";297;"Eleições Gerais Estaduais 2018";"07/10/2018";"AC";"AC";"ACRE";10000602509;5;73;"Fundo de Investimento Imobiliário";"#NULO#";"300000,00";"28/01/2019";"16:33:16"
"13/11/2024";"10:55:11";2018;2;"Eleição Ordinária";297;"Eleições Gerais Estaduais 2018";"07/10/2018";"AC";"AC";"ACRE";10000603058;9;74;"Fundos: Ações, Mútuos de Privatização, Invest. Empresas Emergentes, Invest.Participação e Invest. Índice Mercado";"#NULO#";"139,30";"08/04/2021";"17:25:19"
"13/11/2024";"10:55:11";2018;2;"Eleição Ordinária";297;"Eleições Gerais Estaduais 2018";"07/10/2018";"AC";"AC";"ACRE";10000604793;1;74;"Fundos: Ações, Mútuos de Privatização, Invest. Empresas Emergentes, Invest.Participação e Invest. Índice Mercado";"CAPITAL DA EMPRESA MARIA DE FÁTIMA VASCONCELOS, CNPJ 12.050.858/0001-40";"20000,00";"28/01/2019";"16:35:10"
"13/11/2024";"10:55:11";2018;2;"Eleição Ordinária";297;"Eleições Gerais Estaduais 2018";"07/10/2018";"AC";"AC";"ACRE";10000608370;1;74;"Fundos: Ações, Mútuos de Privatização, Invest. Empresas Emergentes, Invest.Participação e Invest. Índice Mercado";"#NULO#";"15000,00";"28/01/2019";"16:34:25"
"13/11/2024";"10:55:11";2018;2;"Eleição Ordinária";297;"Eleições Gerais Estaduais 2018";"07/10/2018";"AC";"AC";"ACRE";10000608402;7;29;"Outros bens móveis";"01 (um) trator de esteira marca Cartepillar serie 74W01275  motor ano 1981";"90000,00";"28/01/2019";"16:33:05"
"13/11/2024";"10:55:11";2018;2;"Eleição Ordinária";297;"Eleições Gerais Estaduais 2018";"07/10/2018";"AC";"AC";"ACRE";10000608402;8;29;"Outros bens móveis";"01 (uma) retroescavadeira MF 96 serie 9620123921 em  01.06.2005";"75000,00";"28/01/2019";"16:33:05"
"13/11/2024";"10:55:11";2018;2;"Eleição Ordinária";297;"Eleições Gerais Estaduais 2018";"07/10/2018";"AC";"AC";"ACRE";10000608402;11;29;"Outros bens móveis";"01 (uma) escavadeira hidráulica modelo 320 C, ano 2007,  Nota Fiscal 139434";"300000,00";"28/01/2019";"16:33:05"
"13/11/2024";"10:55:11";2018;2;"Eleição Ordinária";297;"Eleições Gerais Estaduais 2018";"07/10/2018";"AC";"AC";"ACRE";10000608402;12;29;"Outros bens móveis";"01 (um) trator MF 4275 no valor de R$ 85.000,00 com  grade aradoura controle remoto mana tatu Marchesan R$  1.510,00, 01 (um) perfurador soco com broca marca tatu  no valor de R$ 5.500,00 e 01 (uma) r";"121500,00";"28/01/2019";"16:33:05"
"13/11/2024";"10:55:11";2018;2;"Eleição Ordinária";297;"Eleições Gerais Estaduais 2018";"07/10/2018";"AC";"AC";"ACRE";10000608402;15;29;"Outros bens móveis";"01 (um) trator Agrale 4230-4 HSE F ano 2014";"62500,00";"28/01/2019";"16:33:05"
"13/11/2024";"10:55:11";2018;2;"Eleição Ordinária";297;"Eleições Gerais Estaduais 2018";"07/10/2018";"AC";"AC";"ACRE";10000610652;9;29;"Outros bens móveis";"#NULO#";"4000,00";"28/01/2019";"16:33:55"
"13/11/2024";"10:55:11";2018;2;"Eleição Ordinária";297;"Eleições Gerais Estaduais 2018";"07/10/2018";"AC";"AC";"ACRE";10000615658;16;95;"Consórcio não contemplado";"#NULO#";"9348,89";"08/04/2021";"17:25:20"
"13/11/2024";"10:55:11";2018;2;"Eleição Ordinária";297;"Eleições Gerais Estaduais 2018";"07/10/2018";"AC";"AC";"ACRE";10000615661;22;97;"VGBL - Vida Gerador de Benefício Livre";"#NULO#";"112264,55";"08/04/2021";"17:25:20"
"13/11/2024";"10:55:11";2018;2;"Eleição Ordinária";297;"Eleições Gerais Estaduais 2018";"07/10/2018";"AC";"AC";"ACRE";10000615661;26;95;"Consórcio não contemplado";"#NULO#";"32991,65";"08/04/2021";"17:25:20"
"13/11/2024";"10:55:11";2018;2;"Eleição Ordinária";297;"Eleições Gerais Estaduais 2018";"07/10/2018";"AC";"AC";"ACRE";10000615661;27;97;"VGBL - Vida Gerador de Benefício Livre";"#NULO#";"38981,79";"08/04/2021";"17:25:20"
"13/11/2024";"10:55:11";2018;2;"Eleição Ordinária";297;"Eleições Gerais Estaduais 2018";"07/10/2018";"AC";"AC";"ACRE";10000615661;33;97;"VGBL - Vida Gerador de Benefício Livre";"#NULO#";"18742,65";"08/04/2021";"17:25:20"
"13/11/2024";"10:55:11";2018;2;"Eleição Ordinária";297;"Eleições Gerais Estaduais 2018";"07/10/2018";"AC";"AC";"ACRE";10000615663;2;29;"Outros bens móveis";"#NULO#";"83761,00";"08/04/2021";"17:25:19"
"13/11/2024";"10:55:11";2018;2;"Eleição Ordinária";297;"Eleições Gerais Estaduais 2018";"07/10/2018";"AC";"AC";"ACRE";10000615664;3;29;"Outros bens móveis";"#NULO#";"57500,00";"28/01/2019";"16:35:14"
"13/11/2024";"10:55:11";2018;2;"Eleição Ordinária";297;"Eleições Gerais Estaduais 2018";"07/10/2018";"AC";"AC";"ACRE";10000624305;1;39;"Outras participações societárias";"#NULO#";"100000,00";"28/01/2019";"16:34:28"
"13/11/2024";"10:55:11";2018;2;"Eleição Ordinária";297;"Eleições Gerais Estaduais 2018";"07/10/2018";"AC";"AC";"ACRE";10000602308;10;45;"Aplicação de renda fixa (CDB, RDB e outros)";"#NULO#";"8509,14";"28/01/2019";"16:33:56"
"13/11/2024";"10:55:11";2018;2;"Eleição Ordinária";297;"Eleições Gerais Estaduais 2018";"07/10/2018";"AC";"AC";"ACRE";10000603056;8;22;"Aeronave";"#NULO#";"450000,00";"08/04/2021";"17:25:19"
"13/11/2024";"10:55:11";2018;2;"Eleição Ordinária";297;"Eleições Gerais Estaduais 2018";"07/10/2018";"AC";"AC";"ACRE";10000603060;6;45;"Aplicação de renda fixa (CDB, RDB e outros)";"#NULO#";"621160,05";"08/04/2021";"17:25:19"
"13/11/2024";"10:55:11";2018;2;"Eleição Ordinária";297;"Eleições Gerais Estaduais 2018";"07/10/2018";"AC";"AC";"ACRE";10000603060;10;45;"Aplicação de renda fixa (CDB, RDB e outros)";"#NULO#";"130000,00";"08/04/2021";"17:25:19"
"13/11/2024";"10:55:11";2018;2;"Eleição Ordinária";297;"Eleições Gerais Estaduais 2018";"07/10/2018";"AC";"AC";"ACRE";10000600132;6;29;"Outros bens móveis";"#NULO#";"40000,00";"28/01/2019";"16:33:54"
"13/11/2024";"10:55:11";2018;2;"Eleição Ordinária";297;"Eleições Gerais Estaduais 2018";"07/10/2018";"AC";"AC";"ACRE";10000600232;1;39;"Outras participações societárias";"#NULO#";"6500,00";"28/01/2019";"16:33:15"
"13/11/2024";"10:55:11";2018;2;"Eleição Ordinária";297;"Eleições Gerais Estaduais 2018";"07/10/2018";"AC";"AC";"ACRE";10000600232;4;29;"Outros bens móveis";"#NULO#";"28000,00";"28/01/2019";"16:33:15"
"13/11/2024";"10:55:11";2018;2;"Eleição Ordinária";297;"Eleições Gerais Estaduais 2018";"07/10/2018";"AC";"AC";"ACRE";10000600780;1;29;"Outros bens móveis";"#NULO#";"1500,00";"28/01/2019";"16:35:09"
"13/11/2024";"10:55:11";2018;2;"Eleição Ordinária";297;"Eleições Gerais Estaduais 2018";"07/10/2018";"AC";"AC";"ACRE";10000601028;5;39;"Outras participações societárias";"#NULO#";"15160,00";"28/01/2019";"16:35:08"
"13/11/2024";"10:55:11";2018;2;"Eleição Ordinária";297;"Eleições Gerais Estaduais 2018";"07/10/2018";"AC";"AC";"ACRE";10000601030;1;39;"Outras participações societárias";"#NULO#";"50000,00";"28/01/2019";"16:33:57"
"13/11/2024";"10:55:11";2018;2;"Eleição Ordinária";297;"Eleições Gerais Estaduais 2018";"07/10/2018";"AC";"AC";"ACRE";10000601039;1;39;"Outras participações societárias";"#NULO#";"60000,00";"28/01/2019";"16:34:34"
"13/11/2024";"10:55:11";2018;2;"Eleição Ordinária";297;"Eleições Gerais Estaduais 2018";"07/10/2018";"AC";"AC";"ACRE";10000601165;1;39;"Outras participações societárias";"#NULO#";"20000,00";"28/01/2019";"16:33:17"
"13/11/2024";"10:55:11";2018;2;"Eleição Ordinária";297;"Eleições Gerais Estaduais 2018";"07/10/2018";"AC";"AC";"ACRE";10000602283;2;39;"Outras participações societárias";"#NULO#";"150000,00";"28/01/2019";"16:35:07"
"13/11/2024";"10:55:11";2018;2;"Eleição Ordinária";297;"Eleições Gerais Estaduais 2018";"07/10/2018";"AC";"AC";"ACRE";10000602283;1;39;"Outras participações societárias";"#NULO#";"100000,00";"28/01/2019";"16:35:07"
"13/11/2024";"10:55:11";2018;2;"Eleição Ordinária";297;"Eleições Gerais Estaduais 2018";"07/10/2018";"AC";"AC";"ACRE";10000602289;2;39;"Outras participações societárias";"#NULO#";"1215000,00";"28/01/2019";"16:33:06"
"13/11/2024";"10:55:11";2018;2;"Eleição Ordinária";297;"Eleições Gerais Estaduais 2018";"07/10/2018";"AC";"AC";"ACRE";10000602289;3;39;"Outras participações societárias";"#NULO#";"450000,00";"28/01/2019";"16:33:06"
"13/11/2024";"10:55:11";2018;2;"Eleição Ordinária";297;"Eleições Gerais Estaduais 2018";"07/10/2018";"AC";"AC";"ACRE";10000602304;4;29;"Outros bens móveis";"#NULO#";"250,00";"28/01/2019";"16:33:18"
"13/11/2024";"10:55:11";2018;2;"Eleição Ordinária";297;"Eleições Gerais Estaduais 2018";"07/10/2018";"AC";"AC";"ACRE";10000602318;1;39;"Outras participações societárias";"#NULO#";"3960000,00";"28/01/2019";"16:33:18"
"13/11/2024";"10:55:11";2018;2;"Eleição Ordinária";297;"Eleições Gerais Estaduais 2018";"07/10/2018";"AC";"AC";"ACRE";10000602318;2;39;"Outras participações societárias";"#NULO#";"505500,00";"28/01/2019";"16:33:18"
"13/11/2024";"10:55:11";2018;2;"Eleição Ordinária";297;"Eleições Gerais Estaduais 2018";"07/10/2018";"AC";"AC";"ACRE";10000602509;1;39;"Outras participações societárias";"#NULO#";"5000,00";"28/01/2019";"16:33:16"
"13/11/2024";"10:55:11";2018;2;"Eleição Ordinária";297;"Eleições Gerais Estaduais 2018";"07/10/2018";"AC";"AC";"ACRE";10000602517;1;39;"Outras participações societárias";"#NULO#";"1140000,00";"28/01/2019";"16:33:20"
"13/11/2024";"10:55:11";2018;2;"Eleição Ordinária";297;"Eleições Gerais Estaduais 2018";"07/10/2018";"AC";"AC";"ACRE";10000602517;2;39;"Outras participações societárias";"#NULO#";"38000,00";"28/01/2019";"16:33:20"
"13/11/2024";"10:55:11";2018;2;"Eleição Ordinária";297;"Eleições Gerais Estaduais 2018";"07/10/2018";"AC";"AC";"ACRE";10000602523;3;29;"Outros bens móveis";"#NULO#";"142000,00";"28/01/2019";"16:33:16"
"13/11/2024";"10:55:11";2018;2;"Eleição Ordinária";297;"Eleições Gerais Estaduais 2018";"07/10/2018";"AC";"AC";"ACRE";10000603058;11;95;"Consórcio não contemplado";"#NULO#";"22483,64";"08/04/2021";"17:25:19"
"13/11/2024";"10:55:11";2018;2;"Eleição Ordinária";297;"Eleições Gerais Estaduais 2018";"07/10/2018";"AC";"AC";"ACRE";10000603061;7;97;"VGBL - Vida Gerador de Benefício Livre";"#NULO#";"1405125,84";"08/04/2021";"17:25:19"
"13/11/2024";"10:55:11";2018;2;"Eleição Ordinária";297;"Eleições Gerais Estaduais 2018";"07/10/2018";"AC";"AC";"ACRE";10000603908;1;39;"Outras participações societárias";"#NULO#";"400,00";"28/01/2019";"16:34:23"
"13/11/2024";"10:55:11";2018;2;"Eleição Ordinária";297;"Eleições Gerais Estaduais 2018";"07/10/2018";"AC";"AC";"ACRE";10000608367;1;29;"Outros bens móveis";"#NULO#";"5000,00";"28/01/2019";"16:34:13"
"13/11/2024";"10:55:11";2018;2;"Eleição Ordinária";297;"Eleições Gerais Estaduais 2018";"07/10/2018";"AC";"AC";"ACRE";10000608370;2;29;"Outros bens móveis";"#NULO#";"36000,00";"28/01/2019";"16:34:25"
"13/11/2024";"10:55:11";2018;2;"Eleição Ordinária";297;"Eleições Gerais Estaduais 2018";"07/10/2018";"AC";"AC";"ACRE";10000608370;3;95;"Consórcio não contemplado";"#NULO#";"66345,18";"28/01/2019";"16:34:25"
"13/11/2024";"10:55:11";2018;2;"Eleição Ordinária";297;"Eleições Gerais Estaduais 2018";"07/10/2018";"AC";"AC";"ACRE";10000608370;5;95;"Consórcio não contemplado";"#NULO#";"18163,73";"28/01/2019";"16:34:25"
"13/11/2024";"10:55:11";2018;2;"Eleição Ordinária";297;"Eleições Gerais Estaduais 2018";"07/10/2018";"AC";"AC";"ACRE";10000608370;7;97;"VGBL - Vida Gerador de Benefício Livre";"#NULO#";"34023,08";"28/01/2019";"16:34:25"
"13/11/2024";"10:55:11";2018;2;"Eleição Ordinária";297;"Eleições Gerais Estaduais 2018";"07/10/2018";"AC";"AC";"ACRE";10000608373;3;29;"Outros bens móveis";"#NULO#";"70000,00";"28/01/2019";"16:34:45"
"13/11/2024";"10:55:11";2018;2;"Eleição Ordinária";297;"Eleições Gerais Estaduais 2018";"07/10/2018";"AC";"AC";"ACRE";10000600002;3;13;"Terreno";"#NULO#";"75000,00";"28/01/2019";"16:35:14"
"13/11/2024";"10:55:11";2018;2;"Eleição Ordinária";297;"Eleições Gerais Estaduais 2018";"07/10/2018";"AC";"AC";"ACRE";10000600002;4;13;"Terreno";"#NULO#";"75000,00";"28/01/2019";"16:35:14"
"13/11/2024";"10:55:11";2018;2;"Eleição Ordinária";297;"Eleições Gerais Estaduais 2018";"07/10/2018";"AC";"AC";"ACRE";10000600002;5;13;"Terreno";"#NULO#";"75000,00";"28/01/2019";"16:35:14"
"13/11/2024";"10:55:11";2018;2;"Eleição Ordinária";297;"Eleições Gerais Estaduais 2018";"07/10/2018";"AC";"AC";"ACRE";10000600002;6;13;"Terreno";"#NULO#";"75000,00";"28/01/2019";"16:35:14"
"13/11/2024";"10:55:11";2018;2;"Eleição Ordinária";297;"Eleições Gerais Estaduais 2018";"07/10/2018";"AC";"AC";"ACRE";10000600129;1;13;"Terreno";"#NULO#";"80000,00";"28/01/2019";"16:34:24"
"13/11/2024";"10:55:11";2018;2;"Eleição Ordinária";297;"Eleições Gerais Estaduais 2018";"07/10/2018";"AC";"AC";"ACRE";10000600133;2;13;"Terreno";"#NULO#";"400000,00";"28/01/2019";"16:35:10"
"13/11/2024";"10:55:11";2018;2;"Eleição Ordinária";297;"Eleições Gerais Estaduais 2018";"07/10/2018";"AC";"AC";"ACRE";10000600137;1;13;"Terreno";"#NULO#";"400000,00";"28/01/2019";"16:35:10"
"13/11/2024";"10:55:11";2018;2;"Eleição Ordinária";297;"Eleições Gerais Estaduais 2018";"07/10/2018";"AC";"AC";"ACRE";10000600146;1;13;"Terreno";"#NULO#";"150000,00";"28/01/2019";"16:34:09"
"13/11/2024";"10:55:11";2018;2;"Eleição Ordinária";297;"Eleições Gerais Estaduais 2018";"07/10/2018";"AC";"AC";"ACRE";10000600146;2;13;"Terreno";"#NULO#";"150000,00";"28/01/2019";"16:34:09"
"13/11/2024";"10:55:11";2018;2;"Eleição Ordinária";297;"Eleições Gerais Estaduais 2018";"07/10/2018";"AC";"AC";"ACRE";10000600155;2;13;"Terreno";"#NULO#";"800000,00";"28/01/2019";"16:34:30"
"13/11/2024";"10:55:11";2018;2;"Eleição Ordinária";297;"Eleições Gerais Estaduais 2018";"07/10/2018";"AC";"AC";"ACRE";10000600156;2;13;"Terreno";"#NULO#";"18000,00";"28/01/2019";"16:34:09"
"13/11/2024";"10:55:11";2018;2;"Eleição Ordinária";297;"Eleições Gerais Estaduais 2018";"07/10/2018";"AC";"AC";"ACRE";10000600214;4;13;"Terreno";"#NULO#";"325146,17";"28/01/2019";"16:33:19"
"13/11/2024";"10:55:11";2018;2;"Eleição Ordinária";297;"Eleições Gerais Estaduais 2018";"07/10/2018";"AC";"AC";"ACRE";10000600210;1;13;"Terreno";"#NULO#";"20000,00";"28/01/2019";"16:34:21"
"13/11/2024";"10:55:11";2018;2;"Eleição Ordinária";297;"Eleições Gerais Estaduais 2018";"07/10/2018";"AC";"AC";"ACRE";10000600233;2;13;"Terreno";"#NULO#";"80000,00";"28/01/2019";"16:34:22"
"13/11/2024";"10:55:11";2018;2;"Eleição Ordinária";297;"Eleições Gerais Estaduais 2018";"07/10/2018";"AC";"AC";"ACRE";10000600245;2;13;"Terreno";"#NULO#";"150000,00";"28/01/2019";"16:34:35"
"13/11/2024";"10:55:11";2018;2;"Eleição Ordinária";297;"Eleições Gerais Estaduais 2018";"07/10/2018";"AC";"AC";"ACRE";10000600246;3;13;"Terreno";"#NULO#";"200000,00";"28/01/2019";"16:33:19"
"13/11/2024";"10:55:11";2018;2;"Eleição Ordinária";297;"Eleições Gerais Estaduais 2018";"07/10/2018";"AC";"AC";"ACRE";10000600246;4;13;"Terreno";"#NULO#";"180000,00";"28/01/2019";"16:33:19"
"13/11/2024";"10:55:11";2018;2;"Eleição Ordinária";297;"Eleições Gerais Estaduais 2018";"07/10/2018";"AC";"AC";"ACRE";10000600246;5;13;"Terreno";"#NULO#";"26666,66";"28/01/2019";"16:33:19"
"13/11/2024";"10:55:11";2018;2;"Eleição Ordinária";297;"Eleições Gerais Estaduais 2018";"07/10/2018";"AC";"AC";"ACRE";10000600246;6;13;"Terreno";"#NULO#";"26666,66";"28/01/2019";"16:33:19"
"13/11/2024";"10:55:11";2018;2;"Eleição Ordinária";297;"Eleições Gerais Estaduais 2018";"07/10/2018";"AC";"AC";"ACRE";10000600246;7;13;"Terreno";"#NULO#";"26666,66";"28/01/2019";"16:33:19"
"13/11/2024";"10:55:11";2018;2;"Eleição Ordinária";297;"Eleições Gerais Estaduais 2018";"07/10/2018";"AC";"AC";"ACRE";10000600246;8;13;"Terreno";"#NULO#";"26666,66";"28/01/2019";"16:33:19"
"13/11/2024";"10:55:11";2018;2;"Eleição Ordinária";297;"Eleições Gerais Estaduais 2018";"07/10/2018";"AC";"AC";"ACRE";10000600247;1;13;"Terreno";"#NULO#";"76579,91";"28/01/2019";"16:34:22"
"13/11/2024";"10:55:11";2018;2;"Eleição Ordinária";297;"Eleições Gerais Estaduais 2018";"07/10/2018";"AC";"AC";"ACRE";10000600770;3;13;"Terreno";"#NULO#";"85000,00";"28/01/2019";"16:34:19"
"13/11/2024";"10:55:11";2018;2;"Eleição Ordinária";297;"Eleições Gerais Estaduais 2018";"07/10/2018";"AC";"AC";"ACRE";10000600770;4;13;"Terreno";"#NULO#";"85000,00";"28/01/2019";"16:34:19"
"13/11/2024";"10:55:11";2018;2;"Eleição Ordinária";297;"Eleições Gerais Estaduais 2018";"07/10/2018";"AC";"AC";"ACRE";10000600797;1;13;"Terreno";"#NULO#";"50000,00";"28/01/2019";"16:33:41"
"13/11/2024";"10:55:11";2018;2;"Eleição Ordinária";297;"Eleições Gerais Estaduais 2018";"07/10/2018";"AC";"AC";"ACRE";10000600845;2;13;"Terreno";"#NULO#";"20000,00";"28/01/2019";"16:33:20"
"13/11/2024";"10:55:11";2018;2;"Eleição Ordinária";297;"Eleições Gerais Estaduais 2018";"07/10/2018";"AC";"AC";"ACRE";10000600846;1;13;"Terreno";"#NULO#";"150500,00";"28/01/2019";"16:33:20"
"13/11/2024";"10:55:11";2018;2;"Eleição Ordinária";297;"Eleições Gerais Estaduais 2018";"07/10/2018";"AC";"AC";"ACRE";10000600850;3;13;"Terreno";"#NULO#";"150000,00";"28/01/2019";"16:33:07"
"13/11/2024";"10:55:11";2018;2;"Eleição Ordinária";297;"Eleições Gerais Estaduais 2018";"07/10/2018";"AC";"AC";"ACRE";10000600850;4;13;"Terreno";"#NULO#";"150000,00";"28/01/2019";"16:33:07"
"13/11/2024";"10:55:11";2018;2;"Eleição Ordinária";297;"Eleições Gerais Estaduais 2018";"07/10/2018";"AC";"AC";"ACRE";10000600852;3;13;"Terreno";"#NULO#";"150000,00";"28/01/2019";"16:33:15"
"13/11/2024";"10:55:11";2018;2;"Eleição Ordinária";297;"Eleições Gerais Estaduais 2018";"07/10/2018";"AC";"AC";"ACRE";10000600229;2;13;"Terreno";"#NULO#";"15000,00";"08/04/2021";"17:25:19"
"13/11/2024";"10:55:11";2018;2;"Eleição Ordinária";297;"Eleições Gerais Estaduais 2018";"07/10/2018";"AC";"AC";"ACRE";10000600229;3;13;"Terreno";"#NULO#";"145000,00";"08/04/2021";"17:25:19"
"13/11/2024";"10:55:11";2018;2;"Eleição Ordinária";297;"Eleições Gerais Estaduais 2018";"07/10/2018";"AC";"AC";"ACRE";10000600229;4;13;"Terreno";"#NULO#";"15000,00";"08/04/2021";"17:25:19"
"13/11/2024";"10:55:11";2018;2;"Eleição Ordinária";297;"Eleições Gerais Estaduais 2018";"07/10/2018";"AC";"AC";"ACRE";10000601163;2;13;"Terreno";"#NULO#";"30000,00";"28/01/2019";"16:33:33"
"13/11/2024";"10:55:11";2018;2;"Eleição Ordinária";297;"Eleições Gerais Estaduais 2018";"07/10/2018";"AC";"AC";"ACRE";10000601170;1;13;"Terreno";"#NULO#";"12000,00";"28/01/2019";"16:34:16"
"13/11/2024";"10:55:11";2018;2;"Eleição Ordinária";297;"Eleições Gerais Estaduais 2018";"07/10/2018";"AC";"AC";"ACRE";10000601170;2;13;"Terreno";"#NULO#";"12000,00";"28/01/2019";"16:34:16"
"13/11/2024";"10:55:11";2018;2;"Eleição Ordinária";297;"Eleições Gerais Estaduais 2018";"07/10/2018";"AC";"AC";"ACRE";10000601170;3;13;"Terreno";"#NULO#";"12000,00";"28/01/2019";"16:34:16"
"13/11/2024";"10:55:11";2018;2;"Eleição Ordinária";297;"Eleições Gerais Estaduais 2018";"07/10/2018";"AC";"AC";"ACRE";10000601170;4;13;"Terreno";"#NULO#";"12000,00";"28/01/2019";"16:34:16"
"13/11/2024";"10:55:11";2018;2;"Eleição Ordinária";297;"Eleições Gerais Estaduais 2018";"07/10/2018";"AC";"AC";"ACRE";10000601170;5;13;"Terreno";"#NULO#";"12000,00";"28/01/2019";"16:34:16"
"13/11/2024";"10:55:11";2018;2;"Eleição Ordinária";297;"Eleições Gerais Estaduais 2018";"07/10/2018";"AC";"AC";"ACRE";10000601170;6;13;"Terreno";"#NULO#";"12000,00";"28/01/2019";"16:34:16"
"13/11/2024";"10:55:11";2018;2;"Eleição Ordinária";297;"Eleições Gerais Estaduais 2018";"07/10/2018";"AC";"AC";"ACRE";10000601170;7;13;"Terreno";"#NULO#";"12000,00";"28/01/2019";"16:34:16"
"13/11/2024";"10:55:11";2018;2;"Eleição Ordinária";297;"Eleições Gerais Estaduais 2018";"07/10/2018";"AC";"AC";"ACRE";10000601170;8;13;"Terreno";"#NULO#";"12000,00";"28/01/2019";"16:34:16"
"13/11/2024";"10:55:11";2018;2;"Eleição Ordinária";297;"Eleições Gerais Estaduais 2018";"07/10/2018";"AC";"AC";"ACRE";10000601170;9;13;"Terreno";"#NULO#";"12000,00";"28/01/2019";"16:34:16"
"13/11/2024";"10:55:11";2018;2;"Eleição Ordinária";297;"Eleições Gerais Estaduais 2018";"07/10/2018";"AC";"AC";"ACRE";10000601170;10;13;"Terreno";"#NULO#";"12000,00";"28/01/2019";"16:34:16"
"13/11/2024";"10:55:11";2018;2;"Eleição Ordinária";297;"Eleições Gerais Estaduais 2018";"07/10/2018";"AC";"AC";"ACRE";10000602285;4;13;"Terreno";"#NULO#";"100000,00";"28/01/2019";"16:34:25"
"13/11/2024";"10:55:11";2018;2;"Eleição Ordinária";297;"Eleições Gerais Estaduais 2018";"07/10/2018";"AC";"AC";"ACRE";10000602289;5;63;"Dinheiro em espécie - moeda nacional";"#NULO#";"950000,00";"28/01/2019";"16:33:06"
"13/11/2024";"10:55:11";2018;2;"Eleição Ordinária";297;"Eleições Gerais Estaduais 2018";"07/10/2018";"AC";"AC";"ACRE";10000602289;7;13;"Terreno";"#NULO#";"25267,06";"28/01/2019";"16:33:06"
"13/11/2024";"10:55:11";2018;2;"Eleição Ordinária";297;"Eleições Gerais Estaduais 2018";"07/10/2018";"AC";"AC";"ACRE";10000602289;8;13;"Terreno";"#NULO#";"25079,85";"28/01/2019";"16:33:06"
"13/11/2024";"10:55:11";2018;2;"Eleição Ordinária";297;"Eleições Gerais Estaduais 2018";"07/10/2018";"AC";"AC";"ACRE";10000602289;10;13;"Terreno";"#NULO#";"1082606,00";"28/01/2019";"16:33:06"
"13/11/2024";"10:55:11";2018;2;"Eleição Ordinária";297;"Eleições Gerais Estaduais 2018";"07/10/2018";"AC";"AC";"ACRE";10000602289;11;13;"Terreno";"#NULO#";"3000000,00";"28/01/2019";"16:33:06"
"13/11/2024";"10:55:11";2018;2;"Eleição Ordinária";297;"Eleições Gerais Estaduais 2018";"07/10/2018";"AC";"AC";"ACRE";10000602289;16;13;"Terreno";"#NULO#";"6000000,00";"28/01/2019";"16:33:06"
"13/11/2024";"10:55:11";2018;2;"Eleição Ordinária";297;"Eleições Gerais Estaduais 2018";"07/10/2018";"AC";"AC";"ACRE";10000602289;17;13;"Terreno";"#NULO#";"15000000,00";"28/01/2019";"16:33:06"
"13/11/2024";"10:55:11";2018;2;"Eleição Ordinária";297;"Eleições Gerais Estaduais 2018";"07/10/2018";"AC";"AC";"ACRE";10000602296;2;13;"Terreno";"#NULO#";"15000,00";"28/01/2019";"16:34:25"
"13/11/2024";"10:55:11";2018;2;"Eleição Ordinária";297;"Eleições Gerais Estaduais 2018";"07/10/2018";"AC";"AC";"ACRE";10000602302;1;13;"Terreno";"#NULO#";"60000,00";"28/01/2019";"16:34:13"
"13/11/2024";"10:55:11";2018;2;"Eleição Ordinária";297;"Eleições Gerais Estaduais 2018";"07/10/2018";"AC";"AC";"ACRE";10000602304;2;13;"Terreno";"#NULO#";"30000,00";"28/01/2019";"16:33:18"
"13/11/2024";"10:55:11";2018;2;"Eleição Ordinária";297;"Eleições Gerais Estaduais 2018";"07/10/2018";"AC";"AC";"ACRE";10000602304;3;13;"Terreno";"#NULO#";"30000,00";"28/01/2019";"16:33:18"
"13/11/2024";"10:55:11";2018;2;"Eleição Ordinária";297;"Eleições Gerais Estaduais 2018";"07/10/2018";"AC";"AC";"ACRE";10000602308;3;13;"Terreno";"#NULO#";"60000,00";"28/01/2019";"16:33:56"
"13/11/2024";"10:55:11";2018;2;"Eleição Ordinária";297;"Eleições Gerais Estaduais 2018";"07/10/2018";"AC";"AC";"ACRE";10000602315;2;13;"Terreno";"#NULO#";"50000,00";"28/01/2019";"16:34:53"
"13/11/2024";"10:55:11";2018;2;"Eleição Ordinária";297;"Eleições Gerais Estaduais 2018";"07/10/2018";"AC";"AC";"ACRE";10000602317;1;13;"Terreno";"#NULO#";"5000,00";"28/01/2019";"16:33:17"
"13/11/2024";"10:55:11";2018;2;"Eleição Ordinária";297;"Eleições Gerais Estaduais 2018";"07/10/2018";"AC";"AC";"ACRE";10000602317;2;13;"Terreno";"#NULO#";"5000,00";"28/01/2019";"16:33:17"
"13/11/2024";"10:55:11";2018;2;"Eleição Ordinária";297;"Eleições Gerais Estaduais 2018";"07/10/2018";"AC";"AC";"ACRE";10000602321;4;13;"Terreno";"#NULO#";"70000,00";"28/01/2019";"16:34:20"
"13/11/2024";"10:55:11";2018;2;"Eleição Ordinária";297;"Eleições Gerais Estaduais 2018";"07/10/2018";"AC";"AC";"ACRE";10000602509;3;13;"Terreno";"#NULO#";"64224,00";"28/01/2019";"16:33:16"
"13/11/2024";"10:55:11";2018;2;"Eleição Ordinária";297;"Eleições Gerais Estaduais 2018";"07/10/2018";"AC";"AC";"ACRE";10000602511;1;13;"Terreno";"#NULO#";"1500000,00";"28/01/2019";"16:33:04"
"13/11/2024";"10:55:11";2018;2;"Eleição Ordinária";297;"Eleições Gerais Estaduais 2018";"07/10/2018";"AC";"AC";"ACRE";10000602513;1;13;"Terreno";"#NULO#";"400000,00";"28/01/2019";"16:33:12"
"13/11/2024";"10:55:11";2018;2;"Eleição Ordinária";297;"Eleições Gerais Estaduais 2018";"07/10/2018";"AC";"AC";"ACRE";10000602520;4;13;"Terreno";"#NULO#";"20800,00";"28/01/2019";"16:33:14"
"13/11/2024";"10:55:11";2018;2;"Eleição Ordinária";297;"Eleições Gerais Estaduais 2018";"07/10/2018";"AC";"AC";"ACRE";10000602520;6;13;"Terreno";"#NULO#";"50000,00";"28/01/2019";"16:33:14"
"13/11/2024";"10:55:11";2018;2;"Eleição Ordinária";297;"Eleições Gerais Estaduais 2018";"07/10/2018";"AC";"AC";"ACRE";10000602520;7;13;"Terreno";"#NULO#";"46553,55";"28/01/2019";"16:33:14"
"13/11/2024";"10:55:11";2018;2;"Eleição Ordinária";297;"Eleições Gerais Estaduais 2018";"07/10/2018";"AC";"AC";"ACRE";10000602843;14;13;"Terreno";"#NULO#";"300000,00";"28/01/2019";"16:34:31"
"13/11/2024";"10:55:11";2018;2;"Eleição Ordinária";297;"Eleições Gerais Estaduais 2018";"07/10/2018";"AC";"AC";"ACRE";10000602847;4;13;"Terreno";"#NULO#";"60000,00";"28/01/2019";"16:34:46"
"13/11/2024";"10:55:11";2018;2;"Eleição Ordinária";297;"Eleições Gerais Estaduais 2018";"07/10/2018";"AC";"AC";"ACRE";10000602847;5;13;"Terreno";"#NULO#";"60000,00";"28/01/2019";"16:34:46"
"13/11/2024";"10:55:11";2018;2;"Eleição Ordinária";297;"Eleições Gerais Estaduais 2018";"07/10/2018";"AC";"AC";"ACRE";10000602847;6;13;"Terreno";"#NULO#";"15000,00";"28/01/2019";"16:34:46"
"13/11/2024";"10:55:11";2018;2;"Eleição Ordinária";297;"Eleições Gerais Estaduais 2018";"07/10/2018";"AC";"AC";"ACRE";10000602860;2;13;"Terreno";"#NULO#";"50000,00";"28/01/2019";"16:35:06"
"13/11/2024";"10:55:11";2018;2;"Eleição Ordinária";297;"Eleições Gerais Estaduais 2018";"07/10/2018";"AC";"AC";"ACRE";10000602860;3;13;"Terreno";"#NULO#";"30000,00";"28/01/2019";"16:35:06"
"13/11/2024";"10:55:11";2018;2;"Eleição Ordinária";297;"Eleições Gerais Estaduais 2018";"07/10/2018";"AC";"AC";"ACRE";10000603056;3;63;"Dinheiro em espécie - moeda nacional";"#NULO#";"50000,00";"08/04/2021";"17:25:19"
"13/11/2024";"10:55:11";2018;2;"Eleição Ordinária";297;"Eleições Gerais Estaduais 2018";"07/10/2018";"AC";"AC";"ACRE";10000603057;6;13;"Terreno";"#NULO#";"80000,00";"28/01/2019";"16:35:14"
"13/11/2024";"10:55:11";2018;2;"Eleição Ordinária";297;"Eleições Gerais Estaduais 2018";"07/10/2018";"AC";"AC";"ACRE";10000603058;7;13;"Terreno";"#NULO#";"115000,00";"08/04/2021";"17:25:19"
"13/11/2024";"10:55:11";2018;2;"Eleição Ordinária";297;"Eleições Gerais Estaduais 2018";"07/10/2018";"AC";"AC";"ACRE";10000603059;5;13;"Terreno";"#NULO#";"125000,00";"08/04/2021";"17:25:19"
"13/11/2024";"10:55:11";2018;2;"Eleição Ordinária";297;"Eleições Gerais Estaduais 2018";"07/10/2018";"AC";"AC";"ACRE";10000603061;2;63;"Dinheiro em espécie - moeda nacional";"#NULO#";"350000,00";"08/04/2021";"17:25:19"
"13/11/2024";"10:55:11";2018;2;"Eleição Ordinária";297;"Eleições Gerais Estaduais 2018";"07/10/2018";"AC";"AC";"ACRE";10000603061;10;13;"Terreno";"#NULO#";"880000,00";"08/04/2021";"17:25:19"
"13/11/2024";"10:55:11";2018;2;"Eleição Ordinária";297;"Eleições Gerais Estaduais 2018";"07/10/2018";"AC";"AC";"ACRE";10000603062;2;13;"Terreno";"#NULO#";"63850,08";"08/04/2021";"17:25:19"
"13/11/2024";"10:55:11";2018;2;"Eleição Ordinária";297;"Eleições Gerais Estaduais 2018";"07/10/2018";"AC";"AC";"ACRE";10000603062;4;13;"Terreno";"#NULO#";"400000,00";"08/04/2021";"17:25:19"
"13/11/2024";"10:55:11";2018;2;"Eleição Ordinária";297;"Eleições Gerais Estaduais 2018";"07/10/2018";"AC";"AC";"ACRE";10000603062;14;13;"Terreno";"#NULO#";"650000,00";"08/04/2021";"17:25:19"
"13/11/2024";"10:55:11";2018;2;"Eleição Ordinária";297;"Eleições Gerais Estaduais 2018";"07/10/2018";"AC";"AC";"ACRE";10000603063;3;13;"Terreno";"#NULO#";"1313,24";"08/04/2021";"17:25:19"
"13/11/2024";"10:55:11";2018;2;"Eleição Ordinária";297;"Eleições Gerais Estaduais 2018";"07/10/2018";"AC";"AC";"ACRE";10000603063;4;13;"Terreno";"#NULO#";"2624,48";"08/04/2021";"17:25:19"
"13/11/2024";"10:55:11";2018;2;"Eleição Ordinária";297;"Eleições Gerais Estaduais 2018";"07/10/2018";"AC";"AC";"ACRE";10000603063;6;13;"Terreno";"#NULO#";"6561,24";"08/04/2021";"17:25:19"
"13/11/2024";"10:55:11";2018;2;"Eleição Ordinária";297;"Eleições Gerais Estaduais 2018";"07/10/2018";"AC";"AC";"ACRE";10000603063;11;13;"Terreno";"#NULO#";"1968,36";"08/04/2021";"17:25:19"
"13/11/2024";"10:55:11";2018;2;"Eleição Ordinária";297;"Eleições Gerais Estaduais 2018";"07/10/2018";"AC";"AC";"ACRE";10000603063;12;13;"Terreno";"#NULO#";"1312,17";"08/04/2021";"17:25:19"
"13/11/2024";"10:55:11";2018;2;"Eleição Ordinária";297;"Eleições Gerais Estaduais 2018";"07/10/2018";"AC";"AC";"ACRE";10000603063;15;13;"Terreno";"#NULO#";"2624,48";"08/04/2021";"17:25:19"
"13/11/2024";"10:55:11";2018;2;"Eleição Ordinária";297;"Eleições Gerais Estaduais 2018";"07/10/2018";"AC";"AC";"ACRE";10000603063;19;13;"Terreno";"#NULO#";"1312,24";"08/04/2021";"17:25:19"
"13/11/2024";"10:55:11";2018;2;"Eleição Ordinária";297;"Eleições Gerais Estaduais 2018";"07/10/2018";"AC";"AC";"ACRE";10000603063;20;13;"Terreno";"#NULO#";"1968,36";"08/04/2021";"17:25:19"
"13/11/2024";"10:55:11";2018;2;"Eleição Ordinária";297;"Eleições Gerais Estaduais 2018";"07/10/2018";"AC";"AC";"ACRE";10000603063;22;13;"Terreno";"#NULO#";"1312,17";"08/04/2021";"17:25:19"
"13/11/2024";"10:55:11";2018;2;"Eleição Ordinária";297;"Eleições Gerais Estaduais 2018";"07/10/2018";"AC";"AC";"ACRE";10000603063;24;13;"Terreno";"#NULO#";"1312,17";"08/04/2021";"17:25:19"
"13/11/2024";"10:55:11";2018;2;"Eleição Ordinária";297;"Eleições Gerais Estaduais 2018";"07/10/2018";"AC";"AC";"ACRE";10000603905;1;13;"Terreno";"#NULO#";"120000,00";"28/01/2019";"16:33:59"
"13/11/2024";"10:55:11";2018;2;"Eleição Ordinária";297;"Eleições Gerais Estaduais 2018";"07/10/2018";"AC";"AC";"ACRE";10000603906;12;63;"Dinheiro em espécie - moeda nacional";"#NULO#";"40000,00";"28/01/2019";"16:34:22"
"13/11/2024";"10:55:11";2018;2;"Eleição Ordinária";297;"Eleições Gerais Estaduais 2018";"07/10/2018";"AC";"AC";"ACRE";10000603918;1;13;"Terreno";"#NULO#";"250000,00";"28/01/2019";"16:34:38"
"13/11/2024";"10:55:11";2018;2;"Eleição Ordinária";297;"Eleições Gerais Estaduais 2018";"07/10/2018";"AC";"AC";"ACRE";10000604762;1;13;"Terreno";"TERRENO 11,5X30, CONTENDO DUAS RESIDENCIAS, LOCALIZADO NA RUA IOLANDA LIMA, 121, BAIRRO PLACIDO DE CASTRO, RIO BRANCO - AC";"150000,00";"28/01/2019";"16:34:00"
"13/11/2024";"10:55:11";2018;2;"Eleição Ordinária";297;"Eleições Gerais Estaduais 2018";"07/10/2018";"AC";"AC";"ACRE";10000604773;4;13;"Terreno";"TERRENO MEDINDO 13X75, NA RUA SEIS DE AGOSTO, XAPURI-AC";"20000,00";"28/01/2019";"16:34:38"
"13/11/2024";"10:55:11";2018;2;"Eleição Ordinária";297;"Eleições Gerais Estaduais 2018";"07/10/2018";"AC";"AC";"ACRE";10000604788;2;13;"Terreno";"TERRENO MEDINDO 10X19, LOCALIZADO NA TRAVESSA RIBEIRO, BAIRRO SANTA INÊS";"8000,00";"28/01/2019";"16:35:10"
"13/11/2024";"10:55:11";2018;2;"Eleição Ordinária";297;"Eleições Gerais Estaduais 2018";"07/10/2018";"AC";"AC";"ACRE";10000607153;2;13;"Terreno";"#NULO#";"400000,00";"28/01/2019";"16:34:36"
"13/11/2024";"10:55:11";2018;2;"Eleição Ordinária";297;"Eleições Gerais Estaduais 2018";"07/10/2018";"AC";"AC";"ACRE";10000607157;1;13;"Terreno";"#NULO#";"400000,00";"28/01/2019";"16:33:52"
"13/11/2024";"10:55:11";2018;2;"Eleição Ordinária";297;"Eleições Gerais Estaduais 2018";"07/10/2018";"AC";"AC";"ACRE";10000607160;1;13;"Terreno";"#NULO#";"20000,00";"28/01/2019";"16:34:28"
"13/11/2024";"10:55:11";2018;2;"Eleição Ordinária";297;"Eleições Gerais Estaduais 2018";"07/10/2018";"AC";"AC";"ACRE";10000607162;1;13;"Terreno";"#NULO#";"200000,00";"28/01/2019";"16:33:59"
"13/11/2024";"10:55:11";2018;2;"Eleição Ordinária";297;"Eleições Gerais Estaduais 2018";"07/10/2018";"AC";"AC";"ACRE";10000608365;8;13;"Terreno";"#NULO#";"219018,00";"28/01/2019";"16:34:20"
"13/11/2024";"10:55:11";2018;2;"Eleição Ordinária";297;"Eleições Gerais Estaduais 2018";"07/10/2018";"AC";"AC";"ACRE";10000608372;2;13;"Terreno";"#NULO#";"100000,00";"28/01/2019";"16:35:13"
"13/11/2024";"10:55:11";2018;2;"Eleição Ordinária";297;"Eleições Gerais Estaduais 2018";"07/10/2018";"AC";"AC";"ACRE";10000610673;1;31;"Ações (inclusive as provenientes de linha telefônica)";"#NULO#";"1,00";"28/01/2019";"16:33:22"
"13/11/2024";"10:55:11";2018;2;"Eleição Ordinária";297;"Eleições Gerais Estaduais 2018";"07/10/2018";"AC";"AC";"ACRE";10000600139;3;31;"Ações (inclusive as provenientes de linha telefônica)";"#NULO#";"150000,00";"28/01/2019";"16:33:54"
"13/11/2024";"10:55:11";2018;2;"Eleição Ordinária";297;"Eleições Gerais Estaduais 2018";"07/10/2018";"AC";"AC";"ACRE";10000610637;1;32;"Quotas ou quinhões de capital";"#NULO#";"50000,00";"28/01/2019";"16:34:15"
"13/11/2024";"10:55:11";2018;2;"Eleição Ordinária";297;"Eleições Gerais Estaduais 2018";"07/10/2018";"AC";"AC";"ACRE";10000610628;3;32;"Quotas ou quinhões de capital";"#NULO#";"12500,00";"28/01/2019";"16:33:23"
"13/11/2024";"10:55:11";2018;2;"Eleição Ordinária";297;"Eleições Gerais Estaduais 2018";"07/10/2018";"AC";"AC";"ACRE";10000610673;2;32;"Quotas ou quinhões de capital";"#NULO#";"450000,00";"28/01/2019";"16:33:22"
"13/11/2024";"10:55:11";2018;2;"Eleição Ordinária";297;"Eleições Gerais Estaduais 2018";"07/10/2018";"AC";"AC";"ACRE";10000624286;2;32;"Quotas ou quinhões de capital";"#NULO#";"500000,00";"28/01/2019";"16:35:04"
"13/11/2024";"10:55:11";2018;2;"Eleição Ordinária";297;"Eleições Gerais Estaduais 2018";"07/10/2018";"AC";"AC";"ACRE";10000600229;9;32;"Quotas ou quinhões de capital";"#NULO#";"10000,00";"08/04/2021";"17:25:19"
"13/11/2024";"10:55:11";2018;2;"Eleição Ordinária";297;"Eleições Gerais Estaduais 2018";"07/10/2018";"AC";"AC";"ACRE";10000600229;8;32;"Quotas ou quinhões de capital";"#NULO#";"9900,00";"08/04/2021";"17:25:19"
"13/11/2024";"10:55:11";2018;2;"Eleição Ordinária";297;"Eleições Gerais Estaduais 2018";"07/10/2018";"AC";"AC";"ACRE";10000602510;1;32;"Quotas ou quinhões de capital";"#NULO#";"1610000,00";"28/01/2019";"16:33:15"
"13/11/2024";"10:55:11";2018;2;"Eleição Ordinária";297;"Eleições Gerais Estaduais 2018";"07/10/2018";"AC";"AC";"ACRE";10000602512;1;32;"Quotas ou quinhões de capital";"#NULO#";"35000,00";"28/01/2019";"16:33:16"
"13/11/2024";"10:55:11";2018;2;"Eleição Ordinária";297;"Eleições Gerais Estaduais 2018";"07/10/2018";"AC";"AC";"ACRE";10000602516;1;32;"Quotas ou quinhões de capital";"#NULO#";"60000,00";"28/01/2019";"16:33:10"
"13/11/2024";"10:55:11";2018;2;"Eleição Ordinária";297;"Eleições Gerais Estaduais 2018";"07/10/2018";"AC";"AC";"ACRE";10000602516;2;32;"Quotas ou quinhões de capital";"#NULO#";"3131,58";"28/01/2019";"16:33:10"
"13/11/2024";"10:55:11";2018;2;"Eleição Ordinária";297;"Eleições Gerais Estaduais 2018";"07/10/2018";"AC";"AC";"ACRE";10000602516;3;32;"Quotas ou quinhões de capital";"#NULO#";"100000,00";"28/01/2019";"16:33:10"
"13/11/2024";"10:55:11";2018;2;"Eleição Ordinária";297;"Eleições Gerais Estaduais 2018";"07/10/2018";"AC";"AC";"ACRE";10000602520;2;32;"Quotas ou quinhões de capital";"#NULO#";"3750,00";"28/01/2019";"16:33:14"
"13/11/2024";"10:55:11";2018;2;"Eleição Ordinária";297;"Eleições Gerais Estaduais 2018";"07/10/2018";"AC";"AC";"ACRE";10000602523;8;32;"Quotas ou quinhões de capital";"#NULO#";"94117,00";"28/01/2019";"16:33:16"
"13/11/2024";"10:55:11";2018;2;"Eleição Ordinária";297;"Eleições Gerais Estaduais 2018";"07/10/2018";"AC";"AC";"ACRE";10000602848;1;32;"Quotas ou quinhões de capital";"#NULO#";"10000,00";"28/01/2019";"16:34:12"
"13/11/2024";"10:55:11";2018;2;"Eleição Ordinária";297;"Eleições Gerais Estaduais 2018";"07/10/2018";"AC";"AC";"ACRE";10000603056;10;32;"Quotas ou quinhões de capital";"#NULO#";"1000000,00";"08/04/2021";"17:25:19"
"13/11/2024";"10:55:11";2018;2;"Eleição Ordinária";297;"Eleições Gerais Estaduais 2018";"07/10/2018";"AC";"AC";"ACRE";10000603058;17;32;"Quotas ou quinhões de capital";"#NULO#";"9800,00";"08/04/2021";"17:25:19"
"13/11/2024";"10:55:11";2018;2;"Eleição Ordinária";297;"Eleições Gerais Estaduais 2018";"07/10/2018";"AC";"AC";"ACRE";10000603059;6;32;"Quotas ou quinhões de capital";"#NULO#";"10000,00";"08/04/2021";"17:25:19"
"13/11/2024";"10:55:11";2018;2;"Eleição Ordinária";297;"Eleições Gerais Estaduais 2018";"07/10/2018";"AC";"AC";"ACRE";10000603061;6;32;"Quotas ou quinhões de capital";"#NULO#";"52479,15";"08/04/2021";"17:25:19"
"13/11/2024";"10:55:11";2018;2;"Eleição Ordinária";297;"Eleições Gerais Estaduais 2018";"07/10/2018";"AC";"AC";"ACRE";10000603062;3;32;"Quotas ou quinhões de capital";"#NULO#";"108333,34";"08/04/2021";"17:25:19"
"13/11/2024";"10:55:11";2018;2;"Eleição Ordinária";297;"Eleições Gerais Estaduais 2018";"07/10/2018";"AC";"AC";"ACRE";10000603062;7;32;"Quotas ou quinhões de capital";"#NULO#";"48643,43";"08/04/2021";"17:25:19"
"13/11/2024";"10:55:11";2018;2;"Eleição Ordinária";297;"Eleições Gerais Estaduais 2018";"07/10/2018";"AC";"AC";"ACRE";10000603062;8;32;"Quotas ou quinhões de capital";"#NULO#";"1250,00";"08/04/2021";"17:25:19"
"13/11/2024";"10:55:11";2018;2;"Eleição Ordinária";297;"Eleições Gerais Estaduais 2018";"07/10/2018";"AC";"AC";"ACRE";10000603062;11;32;"Quotas ou quinhões de capital";"#NULO#";"29500,00";"08/04/2021";"17:25:19"
"13/11/2024";"10:55:11";2018;2;"Eleição Ordinária";297;"Eleições Gerais Estaduais 2018";"07/10/2018";"AC";"AC";"ACRE";10000603911;2;32;"Quotas ou quinhões de capital";"#NULO#";"355000,00";"28/01/2019";"16:34:38"
"13/11/2024";"10:55:11";2018;2;"Eleição Ordinária";297;"Eleições Gerais Estaduais 2018";"07/10/2018";"AC";"AC";"ACRE";10000608398;4;61;"Depósito bancário em conta corrente no País";"#NULO#";"28342,02";"28/01/2019";"16:33:19"
"13/11/2024";"10:55:11";2018;2;"Eleição Ordinária";297;"Eleições Gerais Estaduais 2018";"07/10/2018";"AC";"AC";"ACRE";10000608398;6;61;"Depósito bancário em conta corrente no País";"#NULO#";"3038,54";"28/01/2019";"16:33:19"
"13/11/2024";"10:55:11";2018;2;"Eleição Ordinária";297;"Eleições Gerais Estaduais 2018";"07/10/2018";"AC";"AC";"ACRE";10000608399;4;61;"Depósito bancário em conta corrente no País";"#NULO#";"18535,28";"28/01/2019";"16:33:04"
"13/11/2024";"10:55:11";2018;2;"Eleição Ordinária";297;"Eleições Gerais Estaduais 2018";"07/10/2018";"AC";"AC";"ACRE";10000608399;5;61;"Depósito bancário em conta corrente no País";"#NULO#";"5102,53";"28/01/2019";"16:33:04"
"13/11/2024";"10:55:11";2018;2;"Eleição Ordinária";297;"Eleições Gerais Estaduais 2018";"07/10/2018";"AC";"AC";"ACRE";10000608402;18;61;"Depósito bancário em conta corrente no País";"Saldo em conta corrente do Banco do Brasil";"126377,05";"28/01/2019";"16:33:05"
"13/11/2024";"10:55:11";2018;2;"Eleição Ordinária";297;"Eleições Gerais Estaduais 2018";"07/10/2018";"AC";"AC";"ACRE";10000610652;12;61;"Depósito bancário em conta corrente no País";"#NULO#";"32082,62";"28/01/2019";"16:33:55"
"13/11/2024";"10:55:11";2018;2;"Eleição Ordinária";297;"Eleições Gerais Estaduais 2018";"07/10/2018";"AC";"AC";"ACRE";10000610677;9;61;"Depósito bancário em conta corrente no País";"#NULO#";"49,85";"28/01/2019";"16:34:17"
"13/11/2024";"10:55:11";2018;2;"Eleição Ordinária";297;"Eleições Gerais Estaduais 2018";"07/10/2018";"AC";"AC";"ACRE";10000610677;10;61;"Depósito bancário em conta corrente no País";"#NULO#";"36837,72";"28/01/2019";"16:34:17"
"13/11/2024";"10:55:11";2018;2;"Eleição Ordinária";297;"Eleições Gerais Estaduais 2018";"07/10/2018";"AC";"AC";"ACRE";10000615657;14;61;"Depósito bancário em conta corrente no País";"#NULO#";"5000,00";"08/04/2021";"17:25:19"
"13/11/2024";"10:55:11";2018;2;"Eleição Ordinária";297;"Eleições Gerais Estaduais 2018";"07/10/2018";"AC";"AC";"ACRE";10000615657;13;61;"Depósito bancário em conta corrente no País";"#NULO#";"2000,00";"08/04/2021";"17:25:19"
"13/11/2024";"10:55:11";2018;2;"Eleição Ordinária";297;"Eleições Gerais Estaduais 2018";"07/10/2018";"AC";"AC";"ACRE";10000615657;12;61;"Depósito bancário em conta corrente no País";"#NULO#";"1600,00";"08/04/2021";"17:25:19"
"13/11/2024";"10:55:11";2018;2;"Eleição Ordinária";297;"Eleições Gerais Estaduais 2018";"07/10/2018";"AC";"AC";"ACRE";10000615657;3;61;"Depósito bancário em conta corrente no País";"#NULO#";"27672,77";"08/04/2021";"17:25:19"
"13/11/2024";"10:55:11";2018;2;"Eleição Ordinária";297;"Eleições Gerais Estaduais 2018";"07/10/2018";"AC";"AC";"ACRE";10000615658;11;61;"Depósito bancário em conta corrente no País";"#NULO#";"31960,94";"08/04/2021";"17:25:20"
"13/11/2024";"10:55:11";2018;2;"Eleição Ordinária";297;"Eleições Gerais Estaduais 2018";"07/10/2018";"AC";"AC";"ACRE";10000615660;7;61;"Depósito bancário em conta corrente no País";"#NULO#";"20318,49";"08/04/2021";"17:25:19"
"13/11/2024";"10:55:11";2018;2;"Eleição Ordinária";297;"Eleições Gerais Estaduais 2018";"07/10/2018";"AC";"AC";"ACRE";10000615661;24;61;"Depósito bancário em conta corrente no País";"#NULO#";"482,38";"08/04/2021";"17:25:20"
"13/11/2024";"10:55:11";2018;2;"Eleição Ordinária";297;"Eleições Gerais Estaduais 2018";"07/10/2018";"AC";"AC";"ACRE";10000615661;28;61;"Depósito bancário em conta corrente no País";"#NULO#";"4410,24";"08/04/2021";"17:25:20"
"13/11/2024";"10:55:11";2018;2;"Eleição Ordinária";297;"Eleições Gerais Estaduais 2018";"07/10/2018";"AC";"AC";"ACRE";10000615661;31;61;"Depósito bancário em conta corrente no País";"#NULO#";"675,19";"08/04/2021";"17:25:20"
"13/11/2024";"10:55:11";2018;2;"Eleição Ordinária";297;"Eleições Gerais Estaduais 2018";"07/10/2018";"AC";"AC";"ACRE";10000624289;9;61;"Depósito bancário em conta corrente no País";"#NULO#";"313000,00";"28/01/2019";"16:34:43"
"13/11/2024";"10:55:11";2018;2;"Eleição Ordinária";297;"Eleições Gerais Estaduais 2018";"07/10/2018";"AC";"AC";"ACRE";10000624305;10;61;"Depósito bancário em conta corrente no País";"#NULO#";"20699,35";"28/01/2019";"16:34:28"
"13/11/2024";"10:55:11";2018;2;"Eleição Ordinária";297;"Eleições Gerais Estaduais 2018";"07/10/2018";"AC";"AC";"ACRE";10000600001;3;12;"Casa";"#NULO#";"180000,00";"08/04/2021";"17:25:19"
"13/11/2024";"10:55:11";2018;2;"Eleição Ordinária";297;"Eleições Gerais Estaduais 2018";"07/10/2018";"AC";"AC";"ACRE";10000600001;1;12;"Casa";"#NULO#";"60000,00";"08/04/2021";"17:25:19"
"13/11/2024";"10:55:11";2018;2;"Eleição Ordinária";297;"Eleições Gerais Estaduais 2018";"07/10/2018";"AC";"AC";"ACRE";10000600001;2;21;"Veículo automotor terrestre: caminhão, automóvel, moto, etc.";"#NULO#";"35830,96";"08/04/2021";"17:25:19"
"13/11/2024";"10:55:11";2018;2;"Eleição Ordinária";297;"Eleições Gerais Estaduais 2018";"07/10/2018";"AC";"AC";"ACRE";10000600002;1;12;"Casa";"#NULO#";"225000,00";"28/01/2019";"16:35:14"
"13/11/2024";"10:55:11";2018;2;"Eleição Ordinária";297;"Eleições Gerais Estaduais 2018";"07/10/2018";"AC";"AC";"ACRE";10000600002;2;21;"Veículo automotor terrestre: caminhão, automóvel, moto, etc.";"#NULO#";"30000,00";"28/01/2019";"16:35:14"
"13/11/2024";"10:55:11";2018;2;"Eleição Ordinária";297;"Eleições Gerais Estaduais 2018";"07/10/2018";"AC";"AC";"ACRE";10000600003;2;12;"Casa";"50% do velor venal de uma casa em alvenaria edificada na Alameda das Araras, 51 - Chácara Ipê";"600000,00";"08/04/2021";"17:25:19"
"13/11/2024";"10:55:11";2018;2;"Eleição Ordinária";297;"Eleições Gerais Estaduais 2018";"07/10/2018";"AC";"AC";"ACRE";10000600004;1;12;"Casa";"#NULO#";"300000,00";"08/04/2021";"17:25:19"
"13/11/2024";"10:55:11";2018;2;"Eleição Ordinária";297;"Eleições Gerais Estaduais 2018";"07/10/2018";"AC";"AC";"ACRE";10000600005;1;12;"Casa";"#NULO#";"80000,00";"17/09/2018";"19:36:10"
"13/11/2024";"10:55:11";2018;2;"Eleição Ordinária";297;"Eleições Gerais Estaduais 2018";"07/10/2018";"AC";"AC";"ACRE";10000600005;3;21;"Veículo automotor terrestre: caminhão, automóvel, moto, etc.";"#NULO#";"25000,00";"17/09/2018";"19:36:10"
"13/11/2024";"10:55:11";2018;2;"Eleição Ordinária";297;"Eleições Gerais Estaduais 2018";"07/10/2018";"AC";"AC";"ACRE";10000600005;4;21;"Veículo automotor terrestre: caminhão, automóvel, moto, etc.";"#NULO#";"10000,00";"17/09/2018";"19:36:10"
"13/11/2024";"10:55:11";2018;2;"Eleição Ordinária";297;"Eleições Gerais Estaduais 2018";"07/10/2018";"AC";"AC";"ACRE";10000600123;1;21;"Veículo automotor terrestre: caminhão, automóvel, moto, etc.";"#NULO#";"11000,00";"28/01/2019";"16:34:18"
"13/11/2024";"10:55:11";2018;2;"Eleição Ordinária";297;"Eleições Gerais Estaduais 2018";"07/10/2018";"AC";"AC";"ACRE";10000600117;1;12;"Casa";"#NULO#";"250000,00";"28/01/2019";"16:33:55"
"13/11/2024";"10:55:11";2018;2;"Eleição Ordinária";297;"Eleições Gerais Estaduais 2018";"07/10/2018";"AC";"AC";"ACRE";10000600117;2;21;"Veículo automotor terrestre: caminhão, automóvel, moto, etc.";"#NULO#";"8000,00";"28/01/2019";"16:33:55"
"13/11/2024";"10:55:11";2018;2;"Eleição Ordinária";297;"Eleições Gerais Estaduais 2018";"07/10/2018";"AC";"AC";"ACRE";10000600119;1;12;"Casa";"#NULO#";"50000,00";"28/01/2019";"16:35:12"
"13/11/2024";"10:55:11";2018;2;"Eleição Ordinária";297;"Eleições Gerais Estaduais 2018";"07/10/2018";"AC";"AC";"ACRE";10000600132;5;21;"Veículo automotor terrestre: caminhão, automóvel, moto, etc.";"#NULO#";"123000,00";"28/01/2019";"16:33:54"
"13/11/2024";"10:55:11";2018;2;"Eleição Ordinária";297;"Eleições Gerais Estaduais 2018";"07/10/2018";"AC";"AC";"ACRE";10000600133;1;21;"Veículo automotor terrestre: caminhão, automóvel, moto, etc.";"#NULO#";"45000,00";"28/01/2019";"16:35:10"
"13/11/2024";"10:55:11";2018;2;"Eleição Ordinária";297;"Eleições Gerais Estaduais 2018";"07/10/2018";"AC";"AC";"ACRE";10000600136;2;21;"Veículo automotor terrestre: caminhão, automóvel, moto, etc.";"#NULO#";"30000,00";"28/01/2019";"16:34:24"
"13/11/2024";"10:55:11";2018;2;"Eleição Ordinária";297;"Eleições Gerais Estaduais 2018";"07/10/2018";"AC";"AC";"ACRE";10000600136;3;12;"Casa";"#NULO#";"500000,00";"28/01/2019";"16:34:24"
"13/11/2024";"10:55:11";2018;2;"Eleição Ordinária";297;"Eleições Gerais Estaduais 2018";"07/10/2018";"AC";"AC";"ACRE";10000600136;4;12;"Casa";"#NULO#";"200000,00";"28/01/2019";"16:34:24"
"13/11/2024";"10:55:11";2018;2;"Eleição Ordinária";297;"Eleições Gerais Estaduais 2018";"07/10/2018";"AC";"AC";"ACRE";10000600139;1;21;"Veículo automotor terrestre: caminhão, automóvel, moto, etc.";"#NULO#";"160000,00";"28/01/2019";"16:33:54"
"13/11/2024";"10:55:11";2018;2;"Eleição Ordinária";297;"Eleições Gerais Estaduais 2018";"07/10/2018";"AC";"AC";"ACRE";10000600139;2;21;"Veículo automotor terrestre: caminhão, automóvel, moto, etc.";"#NULO#";"60000,00";"28/01/2019";"16:33:54"
"13/11/2024";"10:55:11";2018;2;"Eleição Ordinária";297;"Eleições Gerais Estaduais 2018";"07/10/2018";"AC";"AC";"ACRE";10000600146;3;12;"Casa";"#NULO#";"170000,00";"28/01/2019";"16:34:09"
"13/11/2024";"10:55:11";2018;2;"Eleição Ordinária";297;"Eleições Gerais Estaduais 2018";"07/10/2018";"AC";"AC";"ACRE";10000600146;5;21;"Veículo automotor terrestre: caminhão, automóvel, moto, etc.";"#NULO#";"60000,00";"28/01/2019";"16:34:09"
"13/11/2024";"10:55:11";2018;2;"Eleição Ordinária";297;"Eleições Gerais Estaduais 2018";"07/10/2018";"AC";"AC";"ACRE";10000600146;6;21;"Veículo automotor terrestre: caminhão, automóvel, moto, etc.";"#NULO#";"65000,00";"28/01/2019";"16:34:09"
"13/11/2024";"10:55:11";2018;2;"Eleição Ordinária";297;"Eleições Gerais Estaduais 2018";"07/10/2018";"AC";"AC";"ACRE";10000600147;1;21;"Veículo automotor terrestre: caminhão, automóvel, moto, etc.";"#NULO#";"30000,00";"28/01/2019";"16:34:41"
"13/11/2024";"10:55:11";2018;2;"Eleição Ordinária";297;"Eleições Gerais Estaduais 2018";"07/10/2018";"AC";"AC";"ACRE";10000600150;1;12;"Casa";"#NULO#";"50000,00";"28/01/2019";"16:34:42"
"13/11/2024";"10:55:11";2018;2;"Eleição Ordinária";297;"Eleições Gerais Estaduais 2018";"07/10/2018";"AC";"AC";"ACRE";10000600150;2;21;"Veículo automotor terrestre: caminhão, automóvel, moto, etc.";"#NULO#";"30000,00";"28/01/2019";"16:34:42"
"13/11/2024";"10:55:11";2018;2;"Eleição Ordinária";297;"Eleições Gerais Estaduais 2018";"07/10/2018";"AC";"AC";"ACRE";10000600151;1;12;"Casa";"#NULO#";"120000,00";"28/01/2019";"16:34:43"
"13/11/2024";"10:55:11";2018;2;"Eleição Ordinária";297;"Eleições Gerais Estaduais 2018";"07/10/2018";"AC";"AC";"ACRE";10000600152;1;21;"Veículo automotor terrestre: caminhão, automóvel, moto, etc.";"#NULO#";"10000,00";"28/01/2019";"16:34:17"
"13/11/2024";"10:55:11";2018;2;"Eleição Ordinária";297;"Eleições Gerais Estaduais 2018";"07/10/2018";"AC";"AC";"ACRE";10000600152;2;21;"Veículo automotor terrestre: caminhão, automóvel, moto, etc.";"#NULO#";"4000,00";"28/01/2019";"16:34:17"
"13/11/2024";"10:55:11";2018;2;"Eleição Ordinária";297;"Eleições Gerais Estaduais 2018";"07/10/2018";"AC";"AC";"ACRE";10000600154;1;21;"Veículo automotor terrestre: caminhão, automóvel, moto, etc.";"#NULO#";"100000,00";"17/09/2018";"19:36:12"
"13/11/2024";"10:55:11";2018;2;"Eleição Ordinária";297;"Eleições Gerais Estaduais 2018";"07/10/2018";"AC";"AC";"ACRE";10000600154;2;21;"Veículo automotor terrestre: caminhão, automóvel, moto, etc.";"#NULO#";"100000,00";"17/09/2018";"19:36:12"
"13/11/2024";"10:55:11";2018;2;"Eleição Ordinária";297;"Eleições Gerais Estaduais 2018";"07/10/2018";"AC";"AC";"ACRE";10000600154;3;21;"Veículo automotor terrestre: caminhão, automóvel, moto, etc.";"#NULO#";"100000,00";"17/09/2018";"19:36:12"
"13/11/2024";"10:55:11";2018;2;"Eleição Ordinária";297;"Eleições Gerais Estaduais 2018";"07/10/2018";"AC";"AC";"ACRE";10000600155;1;12;"Casa";"#NULO#";"300000,00";"28/01/2019";"16:34:30"
"13/11/2024";"10:55:11";2018;2;"Eleição Ordinária";297;"Eleições Gerais Estaduais 2018";"07/10/2018";"AC";"AC";"ACRE";10000600156;1;21;"Veículo automotor terrestre: caminhão, automóvel, moto, etc.";"#NULO#";"50000,00";"28/01/2019";"16:34:09"
"13/11/2024";"10:55:11";2018;2;"Eleição Ordinária";297;"Eleições Gerais Estaduais 2018";"07/10/2018";"AC";"AC";"ACRE";10000600156;3;21;"Veículo automotor terrestre: caminhão, automóvel, moto, etc.";"#NULO#";"5000,00";"28/01/2019";"16:34:09"
"13/11/2024";"10:55:11";2018;2;"Eleição Ordinária";297;"Eleições Gerais Estaduais 2018";"07/10/2018";"AC";"AC";"ACRE";10000600207;1;12;"Casa";"#NULO#";"72569,29";"28/01/2019";"16:33:04"
"13/11/2024";"10:55:11";2018;2;"Eleição Ordinária";297;"Eleições Gerais Estaduais 2018";"07/10/2018";"AC";"AC";"ACRE";10000600214;1;12;"Casa";"#NULO#";"150000,00";"28/01/2019";"16:33:19"
"13/11/2024";"10:55:11";2018;2;"Eleição Ordinária";297;"Eleições Gerais Estaduais 2018";"07/10/2018";"AC";"AC";"ACRE";10000600214;2;21;"Veículo automotor terrestre: caminhão, automóvel, moto, etc.";"#NULO#";"84000,00";"28/01/2019";"16:33:19"
"13/11/2024";"10:55:11";2018;2;"Eleição Ordinária";297;"Eleições Gerais Estaduais 2018";"07/10/2018";"AC";"AC";"ACRE";10000600214;3;21;"Veículo automotor terrestre: caminhão, automóvel, moto, etc.";"#NULO#";"115000,00";"28/01/2019";"16:33:19"
"13/11/2024";"10:55:11";2018;2;"Eleição Ordinária";297;"Eleições Gerais Estaduais 2018";"07/10/2018";"AC";"AC";"ACRE";10000600214;5;21;"Veículo automotor terrestre: caminhão, automóvel, moto, etc.";"#NULO#";"40000,00";"28/01/2019";"16:33:19"
"13/11/2024";"10:55:11";2018;2;"Eleição Ordinária";297;"Eleições Gerais Estaduais 2018";"07/10/2018";"AC";"AC";"ACRE";10000600214;6;21;"Veículo automotor terrestre: caminhão, automóvel, moto, etc.";"#NULO#";"97300,00";"28/01/2019";"16:33:19"
"13/11/2024";"10:55:11";2018;2;"Eleição Ordinária";297;"Eleições Gerais Estaduais 2018";"07/10/2018";"AC";"AC";"ACRE";10000600214;7;21;"Veículo automotor terrestre: caminhão, automóvel, moto, etc.";"#NULO#";"35000,00";"28/01/2019";"16:33:19"
"13/11/2024";"10:55:11";2018;2;"Eleição Ordinária";297;"Eleições Gerais Estaduais 2018";"07/10/2018";"AC";"AC";"ACRE";10000600216;2;21;"Veículo automotor terrestre: caminhão, automóvel, moto, etc.";"#NULO#";"4000,00";"28/01/2019";"16:34:34"
"13/11/2024";"10:55:11";2018;2;"Eleição Ordinária";297;"Eleições Gerais Estaduais 2018";"07/10/2018";"AC";"AC";"ACRE";10000600216;3;21;"Veículo automotor terrestre: caminhão, automóvel, moto, etc.";"#NULO#";"5000,00";"28/01/2019";"16:34:34"
"13/11/2024";"10:55:11";2018;2;"Eleição Ordinária";297;"Eleições Gerais Estaduais 2018";"07/10/2018";"AC";"AC";"ACRE";10000600218;1;21;"Veículo automotor terrestre: caminhão, automóvel, moto, etc.";"#NULO#";"108000,00";"28/01/2019";"16:34:57"
"13/11/2024";"10:55:11";2018;2;"Eleição Ordinária";297;"Eleições Gerais Estaduais 2018";"07/10/2018";"AC";"AC";"ACRE";10000600224;1;12;"Casa";"#NULO#";"180000,00";"28/01/2019";"16:35:08"
"13/11/2024";"10:55:11";2018;2;"Eleição Ordinária";297;"Eleições Gerais Estaduais 2018";"07/10/2018";"AC";"AC";"ACRE";10000600224;2;12;"Casa";"#NULO#";"9000000,00";"28/01/2019";"16:35:08"
"13/11/2024";"10:55:11";2018;2;"Eleição Ordinária";297;"Eleições Gerais Estaduais 2018";"07/10/2018";"AC";"AC";"ACRE";10000600224;3;21;"Veículo automotor terrestre: caminhão, automóvel, moto, etc.";"#NULO#";"9000,00";"28/01/2019";"16:35:08"
"13/11/2024";"10:55:11";2018;2;"Eleição Ordinária";297;"Eleições Gerais Estaduais 2018";"07/10/2018";"AC";"AC";"ACRE";10000600233;1;21;"Veículo automotor terrestre: caminhão, automóvel, moto, etc.";"#NULO#";"6000,00";"28/01/2019";"16:34:22"
"13/11/2024";"10:55:11";2018;2;"Eleição Ordinária";297;"Eleições Gerais Estaduais 2018";"07/10/2018";"AC";"AC";"ACRE";10000600243;1;21;"Veículo automotor terrestre: caminhão, automóvel, moto, etc.";"#NULO#";"25000,00";"28/01/2019";"16:33:39"
"13/11/2024";"10:55:11";2018;2;"Eleição Ordinária";297;"Eleições Gerais Estaduais 2018";"07/10/2018";"AC";"AC";"ACRE";10000600245;1;21;"Veículo automotor terrestre: caminhão, automóvel, moto, etc.";"#NULO#";"20000,00";"28/01/2019";"16:34:35"
"13/11/2024";"10:55:11";2018;2;"Eleição Ordinária";297;"Eleições Gerais Estaduais 2018";"07/10/2018";"AC";"AC";"ACRE";10000600246;1;21;"Veículo automotor terrestre: caminhão, automóvel, moto, etc.";"#NULO#";"127840,00";"28/01/2019";"16:33:19"
"13/11/2024";"10:55:11";2018;2;"Eleição Ordinária";297;"Eleições Gerais Estaduais 2018";"07/10/2018";"AC";"AC";"ACRE";10000600246;2;21;"Veículo automotor terrestre: caminhão, automóvel, moto, etc.";"#NULO#";"52490,00";"28/01/2019";"16:33:19"
"13/11/2024";"10:55:11";2018;2;"Eleição Ordinária";297;"Eleições Gerais Estaduais 2018";"07/10/2018";"AC";"AC";"ACRE";10000600770;1;21;"Veículo automotor terrestre: caminhão, automóvel, moto, etc.";"#NULO#";"85000,00";"28/01/2019";"16:34:19"
"13/11/2024";"10:55:11";2018;2;"Eleição Ordinária";297;"Eleições Gerais Estaduais 2018";"07/10/2018";"AC";"AC";"ACRE";10000600770;2;21;"Veículo automotor terrestre: caminhão, automóvel, moto, etc.";"#NULO#";"45000,00";"28/01/2019";"16:34:19"
"13/11/2024";"10:55:11";2018;2;"Eleição Ordinária";297;"Eleições Gerais Estaduais 2018";"07/10/2018";"AC";"AC";"ACRE";10000600771;1;12;"Casa";"#NULO#";"200000,00";"28/01/2019";"16:35:14"
"13/11/2024";"10:55:11";2018;2;"Eleição Ordinária";297;"Eleições Gerais Estaduais 2018";"07/10/2018";"AC";"AC";"ACRE";10000600774;1;21;"Veículo automotor terrestre: caminhão, automóvel, moto, etc.";"#NULO#";"18000,00";"28/01/2019";"16:34:12"
"13/11/2024";"10:55:11";2018;2;"Eleição Ordinária";297;"Eleições Gerais Estaduais 2018";"07/10/2018";"AC";"AC";"ACRE";10000600776;1;21;"Veículo automotor terrestre: caminhão, automóvel, moto, etc.";"#NULO#";"87850,00";"28/01/2019";"16:34:25"
"13/11/2024";"10:55:11";2018;2;"Eleição Ordinária";297;"Eleições Gerais Estaduais 2018";"07/10/2018";"AC";"AC";"ACRE";10000600779;1;12;"Casa";"#NULO#";"600000,00";"28/01/2019";"16:35:02"
"13/11/2024";"10:55:11";2018;2;"Eleição Ordinária";297;"Eleições Gerais Estaduais 2018";"07/10/2018";"AC";"AC";"ACRE";10000600781;1;12;"Casa";"#NULO#";"110150,00";"08/04/2021";"17:25:14"
"13/11/2024";"10:55:11";2018;2;"Eleição Ordinária";297;"Eleições Gerais Estaduais 2018";"07/10/2018";"AC";"AC";"ACRE";10000600781;2;21;"Veículo automotor terrestre: caminhão, automóvel, moto, etc.";"#NULO#";"31997,00";"08/04/2021";"17:25:14"
"13/11/2024";"10:55:11";2018;2;"Eleição Ordinária";297;"Eleições Gerais Estaduais 2018";"07/10/2018";"AC";"AC";"ACRE";10000600781;3;21;"Veículo automotor terrestre: caminhão, automóvel, moto, etc.";"#NULO#";"2682,00";"08/04/2021";"17:25:14"
"13/11/2024";"10:55:11";2018;2;"Eleição Ordinária";297;"Eleições Gerais Estaduais 2018";"07/10/2018";"AC";"AC";"ACRE";10000600785;1;21;"Veículo automotor terrestre: caminhão, automóvel, moto, etc.";"#NULO#";"30000,00";"28/01/2019";"16:33:40"
"13/11/2024";"10:55:11";2018;2;"Eleição Ordinária";297;"Eleições Gerais Estaduais 2018";"07/10/2018";"AC";"AC";"ACRE";10000600786;1;21;"Veículo automotor terrestre: caminhão, automóvel, moto, etc.";"#NULO#";"135000,00";"28/01/2019";"16:34:58"
"13/11/2024";"10:55:11";2018;2;"Eleição Ordinária";297;"Eleições Gerais Estaduais 2018";"07/10/2018";"AC";"AC";"ACRE";10000600786;2;21;"Veículo automotor terrestre: caminhão, automóvel, moto, etc.";"#NULO#";"8040,00";"28/01/2019";"16:34:58"
"13/11/2024";"10:55:11";2018;2;"Eleição Ordinária";297;"Eleições Gerais Estaduais 2018";"07/10/2018";"AC";"AC";"ACRE";10000600787;1;21;"Veículo automotor terrestre: caminhão, automóvel, moto, etc.";"#NULO#";"1000,00";"28/01/2019";"16:33:34"
"13/11/2024";"10:55:11";2018;2;"Eleição Ordinária";297;"Eleições Gerais Estaduais 2018";"07/10/2018";"AC";"AC";"ACRE";10000600789;1;12;"Casa";"#NULO#";"120000,00";"28/01/2019";"16:34:16"
"13/11/2024";"10:55:11";2018;2;"Eleição Ordinária";297;"Eleições Gerais Estaduais 2018";"07/10/2018";"AC";"AC";"ACRE";10000600790;1;12;"Casa";"#NULO#";"80000,00";"28/01/2019";"16:34:28"
"13/11/2024";"10:55:11";2018;2;"Eleição Ordinária";297;"Eleições Gerais Estaduais 2018";"07/10/2018";"AC";"AC";"ACRE";10000600791;1;12;"Casa";"#NULO#";"150000,00";"28/01/2019";"16:34:58"
"13/11/2024";"10:55:11";2018;2;"Eleição Ordinária";297;"Eleições Gerais Estaduais 2018";"07/10/2018";"AC";"AC";"ACRE";10000600792;1;12;"Casa";"#NULO#";"500000,00";"01/10/2020";"18:04:59"
"13/11/2024";"10:55:11";2018;2;"Eleição Ordinária";297;"Eleições Gerais Estaduais 2018";"07/10/2018";"AC";"AC";"ACRE";10000600793;1;21;"Veículo automotor terrestre: caminhão, automóvel, moto, etc.";"#NULO#";"4000,00";"28/01/2019";"16:34:35"
"13/11/2024";"10:55:11";2018;2;"Eleição Ordinária";297;"Eleições Gerais Estaduais 2018";"07/10/2018";"AC";"AC";"ACRE";10000600795;1;12;"Casa";"#NULO#";"200,00";"28/01/2019";"16:33:36"
"13/11/2024";"10:55:11";2018;2;"Eleição Ordinária";297;"Eleições Gerais Estaduais 2018";"07/10/2018";"AC";"AC";"ACRE";10000600796;1;12;"Casa";"#NULO#";"130000,00";"28/01/2019";"16:34:16"
"13/11/2024";"10:55:11";2018;2;"Eleição Ordinária";297;"Eleições Gerais Estaduais 2018";"07/10/2018";"AC";"AC";"ACRE";10000600800;1;12;"Casa";"#NULO#";"200000,00";"28/01/2019";"16:33:59"
"13/11/2024";"10:55:11";2018;2;"Eleição Ordinária";297;"Eleições Gerais Estaduais 2018";"07/10/2018";"AC";"AC";"ACRE";10000600801;1;12;"Casa";"#NULO#";"300000,00";"28/01/2019";"16:34:35"
"13/11/2024";"10:55:11";2018;2;"Eleição Ordinária";297;"Eleições Gerais Estaduais 2018";"07/10/2018";"AC";"AC";"ACRE";10000600801;2;21;"Veículo automotor terrestre: caminhão, automóvel, moto, etc.";"#NULO#";"100000,00";"28/01/2019";"16:34:35"
"13/11/2024";"10:55:11";2018;2;"Eleição Ordinária";297;"Eleições Gerais Estaduais 2018";"07/10/2018";"AC";"AC";"ACRE";10000600802;1;12;"Casa";"#NULO#";"30000,00";"28/01/2019";"16:34:58"
"13/11/2024";"10:55:11";2018;2;"Eleição Ordinária";297;"Eleições Gerais Estaduais 2018";"07/10/2018";"AC";"AC";"ACRE";10000600840;1;21;"Veículo automotor terrestre: caminhão, automóvel, moto, etc.";"#NULO#";"40000,00";"28/01/2019";"16:33:18"
"13/11/2024";"10:55:11";2018;2;"Eleição Ordinária";297;"Eleições Gerais Estaduais 2018";"07/10/2018";"AC";"AC";"ACRE";10000600840;2;12;"Casa";"#NULO#";"300000,00";"28/01/2019";"16:33:18"
"13/11/2024";"10:55:11";2018;2;"Eleição Ordinária";297;"Eleições Gerais Estaduais 2018";"07/10/2018";"AC";"AC";"ACRE";10000600841;1;21;"Veículo automotor terrestre: caminhão, automóvel, moto, etc.";"#NULO#";"3000,00";"28/01/2019";"16:33:15"
"13/11/2024";"10:55:11";2018;2;"Eleição Ordinária";297;"Eleições Gerais Estaduais 2018";"07/10/2018";"AC";"AC";"ACRE";10000600841;2;21;"Veículo automotor terrestre: caminhão, automóvel, moto, etc.";"#NULO#";"7000,00";"28/01/2019";"16:33:15"
"13/11/2024";"10:55:11";2018;2;"Eleição Ordinária";297;"Eleições Gerais Estaduais 2018";"07/10/2018";"AC";"AC";"ACRE";10000600842;1;12;"Casa";"#NULO#";"600000,00";"28/01/2019";"16:33:12"
"13/11/2024";"10:55:11";2018;2;"Eleição Ordinária";297;"Eleições Gerais Estaduais 2018";"07/10/2018";"AC";"AC";"ACRE";10000600842;2;21;"Veículo automotor terrestre: caminhão, automóvel, moto, etc.";"#NULO#";"30000,00";"28/01/2019";"16:33:12"
"13/11/2024";"10:55:11";2018;2;"Eleição Ordinária";297;"Eleições Gerais Estaduais 2018";"07/10/2018";"AC";"AC";"ACRE";10000600843;1;12;"Casa";"#NULO#";"50000,00";"28/01/2019";"16:33:15"
"13/11/2024";"10:55:11";2018;2;"Eleição Ordinária";297;"Eleições Gerais Estaduais 2018";"07/10/2018";"AC";"AC";"ACRE";10000600845;1;12;"Casa";"#NULO#";"150000,00";"28/01/2019";"16:33:20"
"13/11/2024";"10:55:11";2018;2;"Eleição Ordinária";297;"Eleições Gerais Estaduais 2018";"07/10/2018";"AC";"AC";"ACRE";10000600846;2;21;"Veículo automotor terrestre: caminhão, automóvel, moto, etc.";"#NULO#";"29500,00";"28/01/2019";"16:33:20"
"13/11/2024";"10:55:11";2018;2;"Eleição Ordinária";297;"Eleições Gerais Estaduais 2018";"07/10/2018";"AC";"AC";"ACRE";10000600846;3;12;"Casa";"#NULO#";"185000,00";"28/01/2019";"16:33:20"
"13/11/2024";"10:55:11";2018;2;"Eleição Ordinária";297;"Eleições Gerais Estaduais 2018";"07/10/2018";"AC";"AC";"ACRE";10000600846;4;21;"Veículo automotor terrestre: caminhão, automóvel, moto, etc.";"#NULO#";"33000,00";"28/01/2019";"16:33:20"
"13/11/2024";"10:55:11";2018;2;"Eleição Ordinária";297;"Eleições Gerais Estaduais 2018";"07/10/2018";"AC";"AC";"ACRE";10000600846;5;21;"Veículo automotor terrestre: caminhão, automóvel, moto, etc.";"#NULO#";"8000,00";"28/01/2019";"16:33:20"
"13/11/2024";"10:55:11";2018;2;"Eleição Ordinária";297;"Eleições Gerais Estaduais 2018";"07/10/2018";"AC";"AC";"ACRE";10000600846;6;12;"Casa";"#NULO#";"300000,00";"28/01/2019";"16:33:20"
"13/11/2024";"10:55:11";2018;2;"Eleição Ordinária";297;"Eleições Gerais Estaduais 2018";"07/10/2018";"AC";"AC";"ACRE";10000600850;1;21;"Veículo automotor terrestre: caminhão, automóvel, moto, etc.";"#NULO#";"86111,00";"28/01/2019";"16:33:07"
"13/11/2024";"10:55:11";2018;2;"Eleição Ordinária";297;"Eleições Gerais Estaduais 2018";"07/10/2018";"AC";"AC";"ACRE";10000600850;2;21;"Veículo automotor terrestre: caminhão, automóvel, moto, etc.";"#NULO#";"16958,00";"28/01/2019";"16:33:07"
"13/11/2024";"10:55:11";2018;2;"Eleição Ordinária";297;"Eleições Gerais Estaduais 2018";"07/10/2018";"AC";"AC";"ACRE";10000600851;1;12;"Casa";"#NULO#";"400000,00";"28/01/2019";"16:33:15"
"13/11/2024";"10:55:11";2018;2;"Eleição Ordinária";297;"Eleições Gerais Estaduais 2018";"07/10/2018";"AC";"AC";"ACRE";10000600851;2;21;"Veículo automotor terrestre: caminhão, automóvel, moto, etc.";"#NULO#";"40000,00";"28/01/2019";"16:33:15"
"13/11/2024";"10:55:11";2018;2;"Eleição Ordinária";297;"Eleições Gerais Estaduais 2018";"07/10/2018";"AC";"AC";"ACRE";10000600851;3;21;"Veículo automotor terrestre: caminhão, automóvel, moto, etc.";"#NULO#";"4000,00";"28/01/2019";"16:33:15"
"13/11/2024";"10:55:11";2018;2;"Eleição Ordinária";297;"Eleições Gerais Estaduais 2018";"07/10/2018";"AC";"AC";"ACRE";10000600852;4;21;"Veículo automotor terrestre: caminhão, automóvel, moto, etc.";"#NULO#";"30126,58";"28/01/2019";"16:33:15"
"13/11/2024";"10:55:11";2018;2;"Eleição Ordinária";297;"Eleições Gerais Estaduais 2018";"07/10/2018";"AC";"AC";"ACRE";10000600853;3;12;"Casa";"#NULO#";"400000,00";"28/01/2019";"16:33:12"
"13/11/2024";"10:55:11";2018;2;"Eleição Ordinária";297;"Eleições Gerais Estaduais 2018";"07/10/2018";"AC";"AC";"ACRE";10000601026;1;21;"Veículo automotor terrestre: caminhão, automóvel, moto, etc.";"#NULO#";"70000,00";"28/01/2019";"16:34:34"
"13/11/2024";"10:55:11";2018;2;"Eleição Ordinária";297;"Eleições Gerais Estaduais 2018";"07/10/2018";"AC";"AC";"ACRE";10000600229;5;21;"Veículo automotor terrestre: caminhão, automóvel, moto, etc.";"#NULO#";"35000,00";"08/04/2021";"17:25:19"
"13/11/2024";"10:55:11";2018;2;"Eleição Ordinária";297;"Eleições Gerais Estaduais 2018";"07/10/2018";"AC";"AC";"ACRE";10000600229;6;21;"Veículo automotor terrestre: caminhão, automóvel, moto, etc.";"#NULO#";"105000,00";"08/04/2021";"17:25:19"
"13/11/2024";"10:55:11";2018;2;"Eleição Ordinária";297;"Eleições Gerais Estaduais 2018";"07/10/2018";"AC";"AC";"ACRE";10000600229;1;12;"Casa";"#NULO#";"295000,00";"08/04/2021";"17:25:19"
"13/11/2024";"10:55:11";2018;2;"Eleição Ordinária";297;"Eleições Gerais Estaduais 2018";"07/10/2018";"AC";"AC";"ACRE";10000601019;1;12;"Casa";"#NULO#";"90000,00";"28/01/2019";"16:33:57"
"13/11/2024";"10:55:11";2018;2;"Eleição Ordinária";297;"Eleições Gerais Estaduais 2018";"07/10/2018";"AC";"AC";"ACRE";10000601019;2;12;"Casa";"#NULO#";"50000,00";"28/01/2019";"16:33:57"
"13/11/2024";"10:55:11";2018;2;"Eleição Ordinária";297;"Eleições Gerais Estaduais 2018";"07/10/2018";"AC";"AC";"ACRE";10000601022;1;21;"Veículo automotor terrestre: caminhão, automóvel, moto, etc.";"#NULO#";"10000,00";"28/01/2019";"16:34:33"
"13/11/2024";"10:55:11";2018;2;"Eleição Ordinária";297;"Eleições Gerais Estaduais 2018";"07/10/2018";"AC";"AC";"ACRE";10000601025;1;21;"Veículo automotor terrestre: caminhão, automóvel, moto, etc.";"#NULO#";"15000,00";"28/01/2019";"16:33:57"
"13/11/2024";"10:55:11";2018;2;"Eleição Ordinária";297;"Eleições Gerais Estaduais 2018";"07/10/2018";"AC";"AC";"ACRE";10000601025;2;21;"Veículo automotor terrestre: caminhão, automóvel, moto, etc.";"#NULO#";"5000,00";"28/01/2019";"16:33:57"
"13/11/2024";"10:55:11";2018;2;"Eleição Ordinária";297;"Eleições Gerais Estaduais 2018";"07/10/2018";"AC";"AC";"ACRE";10000601028;1;21;"Veículo automotor terrestre: caminhão, automóvel, moto, etc.";"#NULO#";"19000,00";"28/01/2019";"16:35:08"
"13/11/2024";"10:55:11";2018;2;"Eleição Ordinária";297;"Eleições Gerais Estaduais 2018";"07/10/2018";"AC";"AC";"ACRE";10000601028;2;21;"Veículo automotor terrestre: caminhão, automóvel, moto, etc.";"#NULO#";"23000,00";"28/01/2019";"16:35:08"
"13/11/2024";"10:55:11";2018;2;"Eleição Ordinária";297;"Eleições Gerais Estaduais 2018";"07/10/2018";"AC";"AC";"ACRE";10000601028;4;12;"Casa";"#NULO#";"295000,00";"28/01/2019";"16:35:08"
"13/11/2024";"10:55:11";2018;2;"Eleição Ordinária";297;"Eleições Gerais Estaduais 2018";"07/10/2018";"AC";"AC";"ACRE";10000601028;7;12;"Casa";"#NULO#";"32000,00";"28/01/2019";"16:35:08"
"13/11/2024";"10:55:11";2018;2;"Eleição Ordinária";297;"Eleições Gerais Estaduais 2018";"07/10/2018";"AC";"AC";"ACRE";10000601034;1;21;"Veículo automotor terrestre: caminhão, automóvel, moto, etc.";"#NULO#";"15000,00";"28/01/2019";"16:33:57"
"13/11/2024";"10:55:11";2018;2;"Eleição Ordinária";297;"Eleições Gerais Estaduais 2018";"07/10/2018";"AC";"AC";"ACRE";10000601036;1;12;"Casa";"#NULO#";"180000,00";"28/01/2019";"16:35:08"
"13/11/2024";"10:55:11";2018;2;"Eleição Ordinária";297;"Eleições Gerais Estaduais 2018";"07/10/2018";"AC";"AC";"ACRE";10000601043;1;12;"Casa";"#NULO#";"100000,00";"28/01/2019";"16:34:34"
"13/11/2024";"10:55:11";2018;2;"Eleição Ordinária";297;"Eleições Gerais Estaduais 2018";"07/10/2018";"AC";"AC";"ACRE";10000601043;2;21;"Veículo automotor terrestre: caminhão, automóvel, moto, etc.";"#NULO#";"31000,00";"28/01/2019";"16:34:34"
"13/11/2024";"10:55:11";2018;2;"Eleição Ordinária";297;"Eleições Gerais Estaduais 2018";"07/10/2018";"AC";"AC";"ACRE";10000601044;1;21;"Veículo automotor terrestre: caminhão, automóvel, moto, etc.";"#NULO#";"44550,09";"28/01/2019";"16:35:08"
"13/11/2024";"10:55:11";2018;2;"Eleição Ordinária";297;"Eleições Gerais Estaduais 2018";"07/10/2018";"AC";"AC";"ACRE";10000601163;1;12;"Casa";"#NULO#";"150000,00";"28/01/2019";"16:33:33"
"13/11/2024";"10:55:11";2018;2;"Eleição Ordinária";297;"Eleições Gerais Estaduais 2018";"07/10/2018";"AC";"AC";"ACRE";10000601162;1;12;"Casa";"#NULO#";"60000,00";"28/01/2019";"16:34:27"
"13/11/2024";"10:55:11";2018;2;"Eleição Ordinária";297;"Eleições Gerais Estaduais 2018";"07/10/2018";"AC";"AC";"ACRE";10000601162;2;21;"Veículo automotor terrestre: caminhão, automóvel, moto, etc.";"#NULO#";"35830,96";"28/01/2019";"16:34:27"
"13/11/2024";"10:55:11";2018;2;"Eleição Ordinária";297;"Eleições Gerais Estaduais 2018";"07/10/2018";"AC";"AC";"ACRE";10000601162;3;12;"Casa";"#NULO#";"180000,00";"28/01/2019";"16:34:27"
"13/11/2024";"10:55:11";2018;2;"Eleição Ordinária";297;"Eleições Gerais Estaduais 2018";"07/10/2018";"AC";"AC";"ACRE";10000601168;1;21;"Veículo automotor terrestre: caminhão, automóvel, moto, etc.";"Ford Ecosport Mod. 2008";"30000,00";"28/01/2019";"16:33:58"
"13/11/2024";"10:55:11";2018;2;"Eleição Ordinária";297;"Eleições Gerais Estaduais 2018";"07/10/2018";"AC";"AC";"ACRE";10000601168;2;12;"Casa";"Rua São Francisco, 731 -  Tancredo Neves";"70000,00";"28/01/2019";"16:33:58"
"13/11/2024";"10:55:11";2018;2;"Eleição Ordinária";297;"Eleições Gerais Estaduais 2018";"07/10/2018";"AC";"AC";"ACRE";10000601168;3;12;"Casa";"Chácara Irineu Serra, 3622 - Irineu Serra";"600000,00";"28/01/2019";"16:33:58"
"13/11/2024";"10:55:11";2018;2;"Eleição Ordinária";297;"Eleições Gerais Estaduais 2018";"07/10/2018";"AC";"AC";"ACRE";10000601170;11;21;"Veículo automotor terrestre: caminhão, automóvel, moto, etc.";"#NULO#";"30000,00";"28/01/2019";"16:34:16"
"13/11/2024";"10:55:11";2018;2;"Eleição Ordinária";297;"Eleições Gerais Estaduais 2018";"07/10/2018";"AC";"AC";"ACRE";10000601170;12;21;"Veículo automotor terrestre: caminhão, automóvel, moto, etc.";"#NULO#";"10000,00";"28/01/2019";"16:34:16"
"13/11/2024";"10:55:11";2018;2;"Eleição Ordinária";297;"Eleições Gerais Estaduais 2018";"07/10/2018";"AC";"AC";"ACRE";10000601172;1;21;"Veículo automotor terrestre: caminhão, automóvel, moto, etc.";"#NULO#";"3500,00";"08/04/2021";"17:25:20"
"13/11/2024";"10:55:11";2018;2;"Eleição Ordinária";297;"Eleições Gerais Estaduais 2018";"07/10/2018";"AC";"AC";"ACRE";10000602282;1;12;"Casa";"#NULO#";"250000,00";"28/01/2019";"16:33:17"
"13/11/2024";"10:55:11";2018;2;"Eleição Ordinária";297;"Eleições Gerais Estaduais 2018";"07/10/2018";"AC";"AC";"ACRE";10000602282;2;21;"Veículo automotor terrestre: caminhão, automóvel, moto, etc.";"#NULO#";"10000,00";"28/01/2019";"16:33:17"
"13/11/2024";"10:55:11";2018;2;"Eleição Ordinária";297;"Eleições Gerais Estaduais 2018";"07/10/2018";"AC";"AC";"ACRE";10000602284;1;12;"Casa";"#NULO#";"70000,00";"28/01/2019";"16:34:20"
"13/11/2024";"10:55:11";2018;2;"Eleição Ordinária";297;"Eleições Gerais Estaduais 2018";"07/10/2018";"AC";"AC";"ACRE";10000602284;2;21;"Veículo automotor terrestre: caminhão, automóvel, moto, etc.";"#NULO#";"51900,00";"28/01/2019";"16:34:20"
"13/11/2024";"10:55:11";2018;2;"Eleição Ordinária";297;"Eleições Gerais Estaduais 2018";"07/10/2018";"AC";"AC";"ACRE";10000602285;1;21;"Veículo automotor terrestre: caminhão, automóvel, moto, etc.";"#NULO#";"159000,00";"28/01/2019";"16:34:25"
"13/11/2024";"10:55:11";2018;2;"Eleição Ordinária";297;"Eleições Gerais Estaduais 2018";"07/10/2018";"AC";"AC";"ACRE";10000602285;2;12;"Casa";"#NULO#";"200000,00";"28/01/2019";"16:34:25"
"13/11/2024";"10:55:11";2018;2;"Eleição Ordinária";297;"Eleições Gerais Estaduais 2018";"07/10/2018";"AC";"AC";"ACRE";10000602287;1;12;"Casa";"#NULO#";"540000,00";"28/01/2019";"16:33:06"
"13/11/2024";"10:55:11";2018;2;"Eleição Ordinária";297;"Eleições Gerais Estaduais 2018";"07/10/2018";"AC";"AC";"ACRE";10000602287;2;12;"Casa";"#NULO#";"400000,00";"28/01/2019";"16:33:06"
"13/11/2024";"10:55:11";2018;2;"Eleição Ordinária";297;"Eleições Gerais Estaduais 2018";"07/10/2018";"AC";"AC";"ACRE";10000602288;1;12;"Casa";"#NULO#";"50000,00";"28/01/2019";"16:33:18"
"13/11/2024";"10:55:11";2018;2;"Eleição Ordinária";297;"Eleições Gerais Estaduais 2018";"07/10/2018";"AC";"AC";"ACRE";10000602289;4;21;"Veículo automotor terrestre: caminhão, automóvel, moto, etc.";"#NULO#";"152160,00";"28/01/2019";"16:33:06"
"13/11/2024";"10:55:11";2018;2;"Eleição Ordinária";297;"Eleições Gerais Estaduais 2018";"07/10/2018";"AC";"AC";"ACRE";10000602289;12;21;"Veículo automotor terrestre: caminhão, automóvel, moto, etc.";"#NULO#";"49000,00";"28/01/2019";"16:33:06"
"13/11/2024";"10:55:11";2018;2;"Eleição Ordinária";297;"Eleições Gerais Estaduais 2018";"07/10/2018";"AC";"AC";"ACRE";10000602289;13;21;"Veículo automotor terrestre: caminhão, automóvel, moto, etc.";"#NULO#";"49000,00";"28/01/2019";"16:33:06"
"13/11/2024";"10:55:11";2018;2;"Eleição Ordinária";297;"Eleições Gerais Estaduais 2018";"07/10/2018";"AC";"AC";"ACRE";10000602289;14;21;"Veículo automotor terrestre: caminhão, automóvel, moto, etc.";"#NULO#";"80000,00";"28/01/2019";"16:33:06"
"13/11/2024";"10:55:11";2018;2;"Eleição Ordinária";297;"Eleições Gerais Estaduais 2018";"07/10/2018";"AC";"AC";"ACRE";10000602289;15;21;"Veículo automotor terrestre: caminhão, automóvel, moto, etc.";"#NULO#";"180000,00";"28/01/2019";"16:33:06"
"13/11/2024";"10:55:11";2018;2;"Eleição Ordinária";297;"Eleições Gerais Estaduais 2018";"07/10/2018";"AC";"AC";"ACRE";10000602290;1;12;"Casa";"#NULO#";"500000,00";"28/01/2019";"16:33:03"
"13/11/2024";"10:55:11";2018;2;"Eleição Ordinária";297;"Eleições Gerais Estaduais 2018";"07/10/2018";"AC";"AC";"ACRE";10000602290;2;12;"Casa";"#NULO#";"600000,00";"28/01/2019";"16:33:03"
"13/11/2024";"10:55:11";2018;2;"Eleição Ordinária";297;"Eleições Gerais Estaduais 2018";"07/10/2018";"AC";"AC";"ACRE";10000602291;1;12;"Casa";"#NULO#";"600000,00";"28/01/2019";"16:33:22"
"13/11/2024";"10:55:11";2018;2;"Eleição Ordinária";297;"Eleições Gerais Estaduais 2018";"07/10/2018";"AC";"AC";"ACRE";10000602294;1;12;"Casa";"#NULO#";"40000,00";"28/01/2019";"16:35:07"
"13/11/2024";"10:55:11";2018;2;"Eleição Ordinária";297;"Eleições Gerais Estaduais 2018";"07/10/2018";"AC";"AC";"ACRE";10000602295;1;12;"Casa";"#NULO#";"70000,00";"28/01/2019";"16:33:07"
"13/11/2024";"10:55:11";2018;2;"Eleição Ordinária";297;"Eleições Gerais Estaduais 2018";"07/10/2018";"AC";"AC";"ACRE";10000602296;1;12;"Casa";"#NULO#";"45925,00";"28/01/2019";"16:34:25"
"13/11/2024";"10:55:11";2018;2;"Eleição Ordinária";297;"Eleições Gerais Estaduais 2018";"07/10/2018";"AC";"AC";"ACRE";10000602296;3;21;"Veículo automotor terrestre: caminhão, automóvel, moto, etc.";"#NULO#";"120000,00";"28/01/2019";"16:34:25"
"13/11/2024";"10:55:11";2018;2;"Eleição Ordinária";297;"Eleições Gerais Estaduais 2018";"07/10/2018";"AC";"AC";"ACRE";10000602297;1;12;"Casa";"#NULO#";"50000,00";"28/01/2019";"16:33:56"
"13/11/2024";"10:55:11";2018;2;"Eleição Ordinária";297;"Eleições Gerais Estaduais 2018";"07/10/2018";"AC";"AC";"ACRE";10000602297;2;21;"Veículo automotor terrestre: caminhão, automóvel, moto, etc.";"#NULO#";"8000,00";"28/01/2019";"16:33:56"
"13/11/2024";"10:55:11";2018;2;"Eleição Ordinária";297;"Eleições Gerais Estaduais 2018";"07/10/2018";"AC";"AC";"ACRE";10000602297;3;21;"Veículo automotor terrestre: caminhão, automóvel, moto, etc.";"#NULO#";"8000,00";"28/01/2019";"16:33:56"
"13/11/2024";"10:55:11";2018;2;"Eleição Ordinária";297;"Eleições Gerais Estaduais 2018";"07/10/2018";"AC";"AC";"ACRE";10000602299;1;21;"Veículo automotor terrestre: caminhão, automóvel, moto, etc.";"#NULO#";"6800,00";"28/01/2019";"16:33:06"
"13/11/2024";"10:55:11";2018;2;"Eleição Ordinária";297;"Eleições Gerais Estaduais 2018";"07/10/2018";"AC";"AC";"ACRE";10000602301;1;12;"Casa";"#NULO#";"15000,00";"17/09/2018";"19:36:11"
"13/11/2024";"10:55:11";2018;2;"Eleição Ordinária";297;"Eleições Gerais Estaduais 2018";"07/10/2018";"AC";"AC";"ACRE";10000602302;2;21;"Veículo automotor terrestre: caminhão, automóvel, moto, etc.";"#NULO#";"8000,00";"28/01/2019";"16:34:13"
"13/11/2024";"10:55:11";2018;2;"Eleição Ordinária";297;"Eleições Gerais Estaduais 2018";"07/10/2018";"AC";"AC";"ACRE";10000602304;1;12;"Casa";"#NULO#";"3000,00";"28/01/2019";"16:33:18"
"13/11/2024";"10:55:11";2018;2;"Eleição Ordinária";297;"Eleições Gerais Estaduais 2018";"07/10/2018";"AC";"AC";"ACRE";10000602306;1;21;"Veículo automotor terrestre: caminhão, automóvel, moto, etc.";"#NULO#";"9000,00";"28/01/2019";"16:33:56"
"13/11/2024";"10:55:11";2018;2;"Eleição Ordinária";297;"Eleições Gerais Estaduais 2018";"07/10/2018";"AC";"AC";"ACRE";10000602306;2;21;"Veículo automotor terrestre: caminhão, automóvel, moto, etc.";"#NULO#";"60000,00";"28/01/2019";"16:33:56"
"13/11/2024";"10:55:11";2018;2;"Eleição Ordinária";297;"Eleições Gerais Estaduais 2018";"07/10/2018";"AC";"AC";"ACRE";10000602306;3;12;"Casa";"#NULO#";"200000,00";"28/01/2019";"16:33:56"
"13/11/2024";"10:55:11";2018;2;"Eleição Ordinária";297;"Eleições Gerais Estaduais 2018";"07/10/2018";"AC";"AC";"ACRE";10000602307;2;21;"Veículo automotor terrestre: caminhão, automóvel, moto, etc.";"#NULO#";"20000,00";"28/01/2019";"16:34:33"
"13/11/2024";"10:55:11";2018;2;"Eleição Ordinária";297;"Eleições Gerais Estaduais 2018";"07/10/2018";"AC";"AC";"ACRE";10000602307;3;12;"Casa";"#NULO#";"300000,00";"28/01/2019";"16:34:33"
"13/11/2024";"10:55:11";2018;2;"Eleição Ordinária";297;"Eleições Gerais Estaduais 2018";"07/10/2018";"AC";"AC";"ACRE";10000602308;1;12;"Casa";"#NULO#";"190000,00";"28/01/2019";"16:33:56"
"13/11/2024";"10:55:11";2018;2;"Eleição Ordinária";297;"Eleições Gerais Estaduais 2018";"07/10/2018";"AC";"AC";"ACRE";10000602308;2;12;"Casa";"#NULO#";"170000,00";"28/01/2019";"16:33:56"
"13/11/2024";"10:55:11";2018;2;"Eleição Ordinária";297;"Eleições Gerais Estaduais 2018";"07/10/2018";"AC";"AC";"ACRE";10000602308;4;21;"Veículo automotor terrestre: caminhão, automóvel, moto, etc.";"#NULO#";"36088,00";"28/01/2019";"16:33:56"
"13/11/2024";"10:55:11";2018;2;"Eleição Ordinária";297;"Eleições Gerais Estaduais 2018";"07/10/2018";"AC";"AC";"ACRE";10000602308;5;21;"Veículo automotor terrestre: caminhão, automóvel, moto, etc.";"#NULO#";"6170,00";"28/01/2019";"16:33:56"
"13/11/2024";"10:55:11";2018;2;"Eleição Ordinária";297;"Eleições Gerais Estaduais 2018";"07/10/2018";"AC";"AC";"ACRE";10000602311;1;12;"Casa";"#NULO#";"100000,00";"28/01/2019";"16:33:14"
"13/11/2024";"10:55:11";2018;2;"Eleição Ordinária";297;"Eleições Gerais Estaduais 2018";"07/10/2018";"AC";"AC";"ACRE";10000602314;1;21;"Veículo automotor terrestre: caminhão, automóvel, moto, etc.";"#NULO#";"3000,00";"28/01/2019";"16:34:53"
"13/11/2024";"10:55:11";2018;2;"Eleição Ordinária";297;"Eleições Gerais Estaduais 2018";"07/10/2018";"AC";"AC";"ACRE";10000602315;1;12;"Casa";"#NULO#";"300000,00";"28/01/2019";"16:34:53"
"13/11/2024";"10:55:11";2018;2;"Eleição Ordinária";297;"Eleições Gerais Estaduais 2018";"07/10/2018";"AC";"AC";"ACRE";10000602316;1;21;"Veículo automotor terrestre: caminhão, automóvel, moto, etc.";"#NULO#";"45000,00";"28/01/2019";"16:35:07"
"13/11/2024";"10:55:11";2018;2;"Eleição Ordinária";297;"Eleições Gerais Estaduais 2018";"07/10/2018";"AC";"AC";"ACRE";10000602316;2;12;"Casa";"#NULO#";"400000,00";"28/01/2019";"16:35:07"
"13/11/2024";"10:55:11";2018;2;"Eleição Ordinária";297;"Eleições Gerais Estaduais 2018";"07/10/2018";"AC";"AC";"ACRE";10000602317;3;12;"Casa";"#NULO#";"162581,00";"28/01/2019";"16:33:17"
"13/11/2024";"10:55:11";2018;2;"Eleição Ordinária";297;"Eleições Gerais Estaduais 2018";"07/10/2018";"AC";"AC";"ACRE";10000602319;1;12;"Casa";"#NULO#";"400000,00";"28/01/2019";"16:34:25"
"13/11/2024";"10:55:11";2018;2;"Eleição Ordinária";297;"Eleições Gerais Estaduais 2018";"07/10/2018";"AC";"AC";"ACRE";10000602321;1;21;"Veículo automotor terrestre: caminhão, automóvel, moto, etc.";"#NULO#";"6000,00";"28/01/2019";"16:34:20"
"13/11/2024";"10:55:11";2018;2;"Eleição Ordinária";297;"Eleições Gerais Estaduais 2018";"07/10/2018";"AC";"AC";"ACRE";10000602321;2;21;"Veículo automotor terrestre: caminhão, automóvel, moto, etc.";"#NULO#";"40000,00";"28/01/2019";"16:34:20"
"13/11/2024";"10:55:11";2018;2;"Eleição Ordinária";297;"Eleições Gerais Estaduais 2018";"07/10/2018";"AC";"AC";"ACRE";10000602321;3;12;"Casa";"#NULO#";"320000,00";"28/01/2019";"16:34:20"
"13/11/2024";"10:55:11";2018;2;"Eleição Ordinária";297;"Eleições Gerais Estaduais 2018";"07/10/2018";"AC";"AC";"ACRE";10000602322;1;21;"Veículo automotor terrestre: caminhão, automóvel, moto, etc.";"#NULO#";"9000,00";"28/01/2019";"16:34:33"
"13/11/2024";"10:55:11";2018;2;"Eleição Ordinária";297;"Eleições Gerais Estaduais 2018";"07/10/2018";"AC";"AC";"ACRE";10000602324;1;12;"Casa";"#NULO#";"170000,00";"28/01/2019";"16:35:07"
"13/11/2024";"10:55:11";2018;2;"Eleição Ordinária";297;"Eleições Gerais Estaduais 2018";"07/10/2018";"AC";"AC";"ACRE";10000602324;3;21;"Veículo automotor terrestre: caminhão, automóvel, moto, etc.";"#NULO#";"100000,00";"28/01/2019";"16:35:07"
"13/11/2024";"10:55:11";2018;2;"Eleição Ordinária";297;"Eleições Gerais Estaduais 2018";"07/10/2018";"AC";"AC";"ACRE";10000602324;4;21;"Veículo automotor terrestre: caminhão, automóvel, moto, etc.";"#NULO#";"15000,00";"28/01/2019";"16:35:07"
"13/11/2024";"10:55:11";2018;2;"Eleição Ordinária";297;"Eleições Gerais Estaduais 2018";"07/10/2018";"AC";"AC";"ACRE";10000602509;2;12;"Casa";"#NULO#";"268166,11";"28/01/2019";"16:33:16"
"13/11/2024";"10:55:11";2018;2;"Eleição Ordinária";297;"Eleições Gerais Estaduais 2018";"07/10/2018";"AC";"AC";"ACRE";10000602509;4;21;"Veículo automotor terrestre: caminhão, automóvel, moto, etc.";"#NULO#";"90000,00";"28/01/2019";"16:33:16"
"13/11/2024";"10:55:11";2018;2;"Eleição Ordinária";297;"Eleições Gerais Estaduais 2018";"07/10/2018";"AC";"AC";"ACRE";10000602512;2;21;"Veículo automotor terrestre: caminhão, automóvel, moto, etc.";"#NULO#";"90000,00";"28/01/2019";"16:33:16"
"13/11/2024";"10:55:11";2018;2;"Eleição Ordinária";297;"Eleições Gerais Estaduais 2018";"07/10/2018";"AC";"AC";"ACRE";10000602513;2;21;"Veículo automotor terrestre: caminhão, automóvel, moto, etc.";"#NULO#";"3000,00";"28/01/2019";"16:33:12"
"13/11/2024";"10:55:11";2018;2;"Eleição Ordinária";297;"Eleições Gerais Estaduais 2018";"07/10/2018";"AC";"AC";"ACRE";10000602513;3;21;"Veículo automotor terrestre: caminhão, automóvel, moto, etc.";"#NULO#";"20000,00";"28/01/2019";"16:33:12"
"13/11/2024";"10:55:11";2018;2;"Eleição Ordinária";297;"Eleições Gerais Estaduais 2018";"07/10/2018";"AC";"AC";"ACRE";10000602513;4;21;"Veículo automotor terrestre: caminhão, automóvel, moto, etc.";"#NULO#";"8000,00";"28/01/2019";"16:33:12"
"13/11/2024";"10:55:11";2018;2;"Eleição Ordinária";297;"Eleições Gerais Estaduais 2018";"07/10/2018";"AC";"AC";"ACRE";10000602514;1;12;"Casa";"#NULO#";"150000,00";"28/01/2019";"16:33:04"
"13/11/2024";"10:55:11";2018;2;"Eleição Ordinária";297;"Eleições Gerais Estaduais 2018";"07/10/2018";"AC";"AC";"ACRE";10000602515;3;21;"Veículo automotor terrestre: caminhão, automóvel, moto, etc.";"#NULO#";"23107,00";"28/01/2019";"16:33:06"
"13/11/2024";"10:55:11";2018;2;"Eleição Ordinária";297;"Eleições Gerais Estaduais 2018";"07/10/2018";"AC";"AC";"ACRE";10000602515;4;21;"Veículo automotor terrestre: caminhão, automóvel, moto, etc.";"#NULO#";"60370,00";"28/01/2019";"16:33:06"
"13/11/2024";"10:55:11";2018;2;"Eleição Ordinária";297;"Eleições Gerais Estaduais 2018";"07/10/2018";"AC";"AC";"ACRE";10000602515;6;21;"Veículo automotor terrestre: caminhão, automóvel, moto, etc.";"#NULO#";"114000,00";"28/01/2019";"16:33:06"
"13/11/2024";"10:55:11";2018;2;"Eleição Ordinária";297;"Eleições Gerais Estaduais 2018";"07/10/2018";"AC";"AC";"ACRE";10000602517;3;21;"Veículo automotor terrestre: caminhão, automóvel, moto, etc.";"#NULO#";"115000,00";"28/01/2019";"16:33:20"
"13/11/2024";"10:55:11";2018;2;"Eleição Ordinária";297;"Eleições Gerais Estaduais 2018";"07/10/2018";"AC";"AC";"ACRE";10000602517;4;21;"Veículo automotor terrestre: caminhão, automóvel, moto, etc.";"#NULO#";"5000,00";"28/01/2019";"16:33:20"
"13/11/2024";"10:55:11";2018;2;"Eleição Ordinária";297;"Eleições Gerais Estaduais 2018";"07/10/2018";"AC";"AC";"ACRE";10000602518;1;12;"Casa";"#NULO#";"200000,00";"28/01/2019";"16:33:07"
"13/11/2024";"10:55:11";2018;2;"Eleição Ordinária";297;"Eleições Gerais Estaduais 2018";"07/10/2018";"AC";"AC";"ACRE";10000602519;1;12;"Casa";"#NULO#";"525000,00";"28/01/2019";"16:33:05"
"13/11/2024";"10:55:11";2018;2;"Eleição Ordinária";297;"Eleições Gerais Estaduais 2018";"07/10/2018";"AC";"AC";"ACRE";10000602520;1;12;"Casa";"#NULO#";"135340,00";"28/01/2019";"16:33:14"
"13/11/2024";"10:55:11";2018;2;"Eleição Ordinária";297;"Eleições Gerais Estaduais 2018";"07/10/2018";"AC";"AC";"ACRE";10000602520;3;12;"Casa";"#NULO#";"39100,00";"28/01/2019";"16:33:14"
"13/11/2024";"10:55:11";2018;2;"Eleição Ordinária";297;"Eleições Gerais Estaduais 2018";"07/10/2018";"AC";"AC";"ACRE";10000602520;5;12;"Casa";"#NULO#";"21452,00";"28/01/2019";"16:33:14"
"13/11/2024";"10:55:11";2018;2;"Eleição Ordinária";297;"Eleições Gerais Estaduais 2018";"07/10/2018";"AC";"AC";"ACRE";10000602520;11;21;"Veículo automotor terrestre: caminhão, automóvel, moto, etc.";"#NULO#";"72900,00";"28/01/2019";"16:33:14"
"13/11/2024";"10:55:11";2018;2;"Eleição Ordinária";297;"Eleições Gerais Estaduais 2018";"07/10/2018";"AC";"AC";"ACRE";10000602520;12;21;"Veículo automotor terrestre: caminhão, automóvel, moto, etc.";"#NULO#";"34990,00";"28/01/2019";"16:33:14"
"13/11/2024";"10:55:11";2018;2;"Eleição Ordinária";297;"Eleições Gerais Estaduais 2018";"07/10/2018";"AC";"AC";"ACRE";10000602522;1;21;"Veículo automotor terrestre: caminhão, automóvel, moto, etc.";"#NULO#";"20000,00";"28/01/2019";"16:33:07"
"13/11/2024";"10:55:11";2018;2;"Eleição Ordinária";297;"Eleições Gerais Estaduais 2018";"07/10/2018";"AC";"AC";"ACRE";10000602523;4;21;"Veículo automotor terrestre: caminhão, automóvel, moto, etc.";"#NULO#";"72368,99";"28/01/2019";"16:33:16"
"13/11/2024";"10:55:11";2018;2;"Eleição Ordinária";297;"Eleições Gerais Estaduais 2018";"07/10/2018";"AC";"AC";"ACRE";10000602523;5;21;"Veículo automotor terrestre: caminhão, automóvel, moto, etc.";"#NULO#";"138000,00";"28/01/2019";"16:33:16"
"13/11/2024";"10:55:11";2018;2;"Eleição Ordinária";297;"Eleições Gerais Estaduais 2018";"07/10/2018";"AC";"AC";"ACRE";10000602523;6;21;"Veículo automotor terrestre: caminhão, automóvel, moto, etc.";"#NULO#";"36000,00";"28/01/2019";"16:33:16"
"13/11/2024";"10:55:11";2018;2;"Eleição Ordinária";297;"Eleições Gerais Estaduais 2018";"07/10/2018";"AC";"AC";"ACRE";10000602842;1;12;"Casa";"#NULO#";"120000,00";"28/01/2019";"16:34:45"
"13/11/2024";"10:55:11";2018;2;"Eleição Ordinária";297;"Eleições Gerais Estaduais 2018";"07/10/2018";"AC";"AC";"ACRE";10000602844;2;21;"Veículo automotor terrestre: caminhão, automóvel, moto, etc.";"#NULO#";"70000,00";"28/01/2019";"16:34:31"
"13/11/2024";"10:55:11";2018;2;"Eleição Ordinária";297;"Eleições Gerais Estaduais 2018";"07/10/2018";"AC";"AC";"ACRE";10000602846;1;12;"Casa";"#NULO#";"180000,00";"28/01/2019";"16:34:25"
"13/11/2024";"10:55:11";2018;2;"Eleição Ordinária";297;"Eleições Gerais Estaduais 2018";"07/10/2018";"AC";"AC";"ACRE";10000602847;1;21;"Veículo automotor terrestre: caminhão, automóvel, moto, etc.";"#NULO#";"60000,00";"28/01/2019";"16:34:46"
"13/11/2024";"10:55:11";2018;2;"Eleição Ordinária";297;"Eleições Gerais Estaduais 2018";"07/10/2018";"AC";"AC";"ACRE";10000602847;2;21;"Veículo automotor terrestre: caminhão, automóvel, moto, etc.";"#NULO#";"6000,00";"28/01/2019";"16:34:46"
"13/11/2024";"10:55:11";2018;2;"Eleição Ordinária";297;"Eleições Gerais Estaduais 2018";"07/10/2018";"AC";"AC";"ACRE";10000602847;3;12;"Casa";"#NULO#";"200000,00";"28/01/2019";"16:34:46"
"13/11/2024";"10:55:11";2018;2;"Eleição Ordinária";297;"Eleições Gerais Estaduais 2018";"07/10/2018";"AC";"AC";"ACRE";10000602849;1;12;"Casa";"#NULO#";"100000,00";"28/01/2019";"16:33:55"
"13/11/2024";"10:55:11";2018;2;"Eleição Ordinária";297;"Eleições Gerais Estaduais 2018";"07/10/2018";"AC";"AC";"ACRE";10000602849;2;21;"Veículo automotor terrestre: caminhão, automóvel, moto, etc.";"#NULO#";"20000,00";"28/01/2019";"16:33:55"
"13/11/2024";"10:55:11";2018;2;"Eleição Ordinária";297;"Eleições Gerais Estaduais 2018";"07/10/2018";"AC";"AC";"ACRE";10000602854;1;12;"Casa";"#NULO#";"150000,00";"28/01/2019";"16:33:55"
"13/11/2024";"10:55:11";2018;2;"Eleição Ordinária";297;"Eleições Gerais Estaduais 2018";"07/10/2018";"AC";"AC";"ACRE";10000602854;2;21;"Veículo automotor terrestre: caminhão, automóvel, moto, etc.";"#NULO#";"3500,00";"28/01/2019";"16:33:55"
"13/11/2024";"10:55:11";2018;2;"Eleição Ordinária";297;"Eleições Gerais Estaduais 2018";"07/10/2018";"AC";"AC";"ACRE";10000602855;1;12;"Casa";"#NULO#";"25000,00";"28/01/2019";"16:35:13"
"13/11/2024";"10:55:11";2018;2;"Eleição Ordinária";297;"Eleições Gerais Estaduais 2018";"07/10/2018";"AC";"AC";"ACRE";10000602855;2;21;"Veículo automotor terrestre: caminhão, automóvel, moto, etc.";"#NULO#";"3000,00";"28/01/2019";"16:35:13"
"13/11/2024";"10:55:11";2018;2;"Eleição Ordinária";297;"Eleições Gerais Estaduais 2018";"07/10/2018";"AC";"AC";"ACRE";10000602855;3;21;"Veículo automotor terrestre: caminhão, automóvel, moto, etc.";"#NULO#";"3500,00";"28/01/2019";"16:35:13"
"13/11/2024";"10:55:11";2018;2;"Eleição Ordinária";297;"Eleições Gerais Estaduais 2018";"07/10/2018";"AC";"AC";"ACRE";10000602858;1;12;"Casa";"#NULO#";"893300,00";"28/01/2019";"16:33:55"
"13/11/2024";"10:55:11";2018;2;"Eleição Ordinária";297;"Eleições Gerais Estaduais 2018";"07/10/2018";"AC";"AC";"ACRE";10000602858;2;21;"Veículo automotor terrestre: caminhão, automóvel, moto, etc.";"#NULO#";"63525,00";"28/01/2019";"16:33:55"
"13/11/2024";"10:55:11";2018;2;"Eleição Ordinária";297;"Eleições Gerais Estaduais 2018";"07/10/2018";"AC";"AC";"ACRE";10000602862;1;12;"Casa";"#NULO#";"90000,00";"28/01/2019";"16:35:06"
"13/11/2024";"10:55:11";2018;2;"Eleição Ordinária";297;"Eleições Gerais Estaduais 2018";"07/10/2018";"AC";"AC";"ACRE";10000602865;1;12;"Casa";"#NULO#";"80000,00";"17/09/2018";"19:36:09"
"13/11/2024";"10:55:11";2018;2;"Eleição Ordinária";297;"Eleições Gerais Estaduais 2018";"07/10/2018";"AC";"AC";"ACRE";10000603056;1;21;"Veículo automotor terrestre: caminhão, automóvel, moto, etc.";"#NULO#";"57945,04";"08/04/2021";"17:25:19"
"13/11/2024";"10:55:11";2018;2;"Eleição Ordinária";297;"Eleições Gerais Estaduais 2018";"07/10/2018";"AC";"AC";"ACRE";10000603056;4;21;"Veículo automotor terrestre: caminhão, automóvel, moto, etc.";"#NULO#";"37618,86";"08/04/2021";"17:25:19"
"13/11/2024";"10:55:11";2018;2;"Eleição Ordinária";297;"Eleições Gerais Estaduais 2018";"07/10/2018";"AC";"AC";"ACRE";10000603056;7;21;"Veículo automotor terrestre: caminhão, automóvel, moto, etc.";"#NULO#";"100000,00";"08/04/2021";"17:25:19"
"13/11/2024";"10:55:11";2018;2;"Eleição Ordinária";297;"Eleições Gerais Estaduais 2018";"07/10/2018";"AC";"AC";"ACRE";10000603056;9;21;"Veículo automotor terrestre: caminhão, automóvel, moto, etc.";"#NULO#";"6607,51";"08/04/2021";"17:25:19"
"13/11/2024";"10:55:11";2018;2;"Eleição Ordinária";297;"Eleições Gerais Estaduais 2018";"07/10/2018";"AC";"AC";"ACRE";10000603057;1;12;"Casa";"#NULO#";"250000,00";"28/01/2019";"16:35:14"
"13/11/2024";"10:55:11";2018;2;"Eleição Ordinária";297;"Eleições Gerais Estaduais 2018";"07/10/2018";"AC";"AC";"ACRE";10000603057;2;21;"Veículo automotor terrestre: caminhão, automóvel, moto, etc.";"#NULO#";"110000,00";"28/01/2019";"16:35:14"
"13/11/2024";"10:55:11";2018;2;"Eleição Ordinária";297;"Eleições Gerais Estaduais 2018";"07/10/2018";"AC";"AC";"ACRE";10000603057;3;21;"Veículo automotor terrestre: caminhão, automóvel, moto, etc.";"#NULO#";"40000,00";"28/01/2019";"16:35:14"
"13/11/2024";"10:55:11";2018;2;"Eleição Ordinária";297;"Eleições Gerais Estaduais 2018";"07/10/2018";"AC";"AC";"ACRE";10000603057;4;21;"Veículo automotor terrestre: caminhão, automóvel, moto, etc.";"#NULO#";"35000,00";"28/01/2019";"16:35:14"
"13/11/2024";"10:55:11";2018;2;"Eleição Ordinária";297;"Eleições Gerais Estaduais 2018";"07/10/2018";"AC";"AC";"ACRE";10000603057;5;12;"Casa";"#NULO#";"25000,00";"28/01/2019";"16:35:14"
"13/11/2024";"10:55:11";2018;2;"Eleição Ordinária";297;"Eleições Gerais Estaduais 2018";"07/10/2018";"AC";"AC";"ACRE";10000603058;1;21;"Veículo automotor terrestre: caminhão, automóvel, moto, etc.";"#NULO#";"8000,00";"08/04/2021";"17:25:19"
"13/11/2024";"10:55:11";2018;2;"Eleição Ordinária";297;"Eleições Gerais Estaduais 2018";"07/10/2018";"AC";"AC";"ACRE";10000603058;2;21;"Veículo automotor terrestre: caminhão, automóvel, moto, etc.";"#NULO#";"8000,00";"08/04/2021";"17:25:19"
"13/11/2024";"10:55:11";2018;2;"Eleição Ordinária";297;"Eleições Gerais Estaduais 2018";"07/10/2018";"AC";"AC";"ACRE";10000603058;3;21;"Veículo automotor terrestre: caminhão, automóvel, moto, etc.";"#NULO#";"20000,00";"08/04/2021";"17:25:19"
"13/11/2024";"10:55:11";2018;2;"Eleição Ordinária";297;"Eleições Gerais Estaduais 2018";"07/10/2018";"AC";"AC";"ACRE";10000603058;4;21;"Veículo automotor terrestre: caminhão, automóvel, moto, etc.";"#NULO#";"77000,00";"08/04/2021";"17:25:19"
"13/11/2024";"10:55:11";2018;2;"Eleição Ordinária";297;"Eleições Gerais Estaduais 2018";"07/10/2018";"AC";"AC";"ACRE";10000603058;5;21;"Veículo automotor terrestre: caminhão, automóvel, moto, etc.";"#NULO#";"100000,00";"08/04/2021";"17:25:19"
"13/11/2024";"10:55:11";2018;2;"Eleição Ordinária";297;"Eleições Gerais Estaduais 2018";"07/10/2018";"AC";"AC";"ACRE";10000603058;6;21;"Veículo automotor terrestre: caminhão, automóvel, moto, etc.";"#NULO#";"150000,00";"08/04/2021";"17:25:19"
"13/11/2024";"10:55:11";2018;2;"Eleição Ordinária";297;"Eleições Gerais Estaduais 2018";"07/10/2018";"AC";"AC";"ACRE";10000603058;14;12;"Casa";"#NULO#";"110000,00";"08/04/2021";"17:25:19"
"13/11/2024";"10:55:11";2018;2;"Eleição Ordinária";297;"Eleições Gerais Estaduais 2018";"07/10/2018";"AC";"AC";"ACRE";10000603058;18;12;"Casa";"#NULO#";"293304,00";"08/04/2021";"17:25:19"
"13/11/2024";"10:55:11";2018;2;"Eleição Ordinária";297;"Eleições Gerais Estaduais 2018";"07/10/2018";"AC";"AC";"ACRE";10000603059;2;21;"Veículo automotor terrestre: caminhão, automóvel, moto, etc.";"#NULO#";"79932,00";"08/04/2021";"17:25:19"
"13/11/2024";"10:55:11";2018;2;"Eleição Ordinária";297;"Eleições Gerais Estaduais 2018";"07/10/2018";"AC";"AC";"ACRE";10000603059;3;21;"Veículo automotor terrestre: caminhão, automóvel, moto, etc.";"#NULO#";"20000,00";"08/04/2021";"17:25:19"
"13/11/2024";"10:55:11";2018;2;"Eleição Ordinária";297;"Eleições Gerais Estaduais 2018";"07/10/2018";"AC";"AC";"ACRE";10000603059;4;21;"Veículo automotor terrestre: caminhão, automóvel, moto, etc.";"#NULO#";"45000,00";"08/04/2021";"17:25:19"
"13/11/2024";"10:55:11";2018;2;"Eleição Ordinária";297;"Eleições Gerais Estaduais 2018";"07/10/2018";"AC";"AC";"ACRE";10000603060;4;21;"Veículo automotor terrestre: caminhão, automóvel, moto, etc.";"#NULO#";"60000,00";"08/04/2021";"17:25:19"
"13/11/2024";"10:55:11";2018;2;"Eleição Ordinária";297;"Eleições Gerais Estaduais 2018";"07/10/2018";"AC";"AC";"ACRE";10000603060;5;12;"Casa";"#NULO#";"30000,00";"08/04/2021";"17:25:19"
"13/11/2024";"10:55:11";2018;2;"Eleição Ordinária";297;"Eleições Gerais Estaduais 2018";"07/10/2018";"AC";"AC";"ACRE";10000603061;9;21;"Veículo automotor terrestre: caminhão, automóvel, moto, etc.";"#NULO#";"250000,00";"08/04/2021";"17:25:19"
"13/11/2024";"10:55:11";2018;2;"Eleição Ordinária";297;"Eleições Gerais Estaduais 2018";"07/10/2018";"AC";"AC";"ACRE";10000603062;1;12;"Casa";"#NULO#";"250000,00";"08/04/2021";"17:25:19"
"13/11/2024";"10:55:11";2018;2;"Eleição Ordinária";297;"Eleições Gerais Estaduais 2018";"07/10/2018";"AC";"AC";"ACRE";10000603062;12;21;"Veículo automotor terrestre: caminhão, automóvel, moto, etc.";"#NULO#";"65000,00";"08/04/2021";"17:25:19"
"13/11/2024";"10:55:11";2018;2;"Eleição Ordinária";297;"Eleições Gerais Estaduais 2018";"07/10/2018";"AC";"AC";"ACRE";10000603062;13;21;"Veículo automotor terrestre: caminhão, automóvel, moto, etc.";"#NULO#";"127500,00";"08/04/2021";"17:25:19"
"13/11/2024";"10:55:11";2018;2;"Eleição Ordinária";297;"Eleições Gerais Estaduais 2018";"07/10/2018";"AC";"AC";"ACRE";10000603062;16;21;"Veículo automotor terrestre: caminhão, automóvel, moto, etc.";"#NULO#";"195000,00";"08/04/2021";"17:25:19"
"13/11/2024";"10:55:11";2018;2;"Eleição Ordinária";297;"Eleições Gerais Estaduais 2018";"07/10/2018";"AC";"AC";"ACRE";10000603062;19;12;"Casa";"#NULO#";"70000,00";"08/04/2021";"17:25:19"
"13/11/2024";"10:55:11";2018;2;"Eleição Ordinária";297;"Eleições Gerais Estaduais 2018";"07/10/2018";"AC";"AC";"ACRE";10000603063;7;21;"Veículo automotor terrestre: caminhão, automóvel, moto, etc.";"#NULO#";"20000,00";"08/04/2021";"17:25:19"
"13/11/2024";"10:55:11";2018;2;"Eleição Ordinária";297;"Eleições Gerais Estaduais 2018";"07/10/2018";"AC";"AC";"ACRE";10000603063;8;21;"Veículo automotor terrestre: caminhão, automóvel, moto, etc.";"#NULO#";"4894,80";"08/04/2021";"17:25:19"
"13/11/2024";"10:55:11";2018;2;"Eleição Ordinária";297;"Eleições Gerais Estaduais 2018";"07/10/2018";"AC";"AC";"ACRE";10000603063;14;21;"Veículo automotor terrestre: caminhão, automóvel, moto, etc.";"#NULO#";"30000,00";"08/04/2021";"17:25:19"
"13/11/2024";"10:55:11";2018;2;"Eleição Ordinária";297;"Eleições Gerais Estaduais 2018";"07/10/2018";"AC";"AC";"ACRE";10000603063;17;21;"Veículo automotor terrestre: caminhão, automóvel, moto, etc.";"#NULO#";"20500,00";"08/04/2021";"17:25:19"
"13/11/2024";"10:55:11";2018;2;"Eleição Ordinária";297;"Eleições Gerais Estaduais 2018";"07/10/2018";"AC";"AC";"ACRE";10000603063;23;21;"Veículo automotor terrestre: caminhão, automóvel, moto, etc.";"#NULO#";"23000,00";"08/04/2021";"17:25:19"
"13/11/2024";"10:55:11";2018;2;"Eleição Ordinária";297;"Eleições Gerais Estaduais 2018";"07/10/2018";"AC";"AC";"ACRE";10000603063;25;21;"Veículo automotor terrestre: caminhão, automóvel, moto, etc.";"#NULO#";"23000,00";"08/04/2021";"17:25:19"
"13/11/2024";"10:55:11";2018;2;"Eleição Ordinária";297;"Eleições Gerais Estaduais 2018";"07/10/2018";"AC";"AC";"ACRE";10000603063;26;21;"Veículo automotor terrestre: caminhão, automóvel, moto, etc.";"#NULO#";"4002,87";"08/04/2021";"17:25:19"
"13/11/2024";"10:55:11";2018;2;"Eleição Ordinária";297;"Eleições Gerais Estaduais 2018";"07/10/2018";"AC";"AC";"ACRE";10000603897;2;21;"Veículo automotor terrestre: caminhão, automóvel, moto, etc.";"#NULO#";"42000,00";"28/01/2019";"16:34:29"
"13/11/2024";"10:55:11";2018;2;"Eleição Ordinária";297;"Eleições Gerais Estaduais 2018";"07/10/2018";"AC";"AC";"ACRE";10000603895;1;21;"Veículo automotor terrestre: caminhão, automóvel, moto, etc.";"#NULO#";"18000,00";"28/01/2019";"16:34:17"
"13/11/2024";"10:55:11";2018;2;"Eleição Ordinária";297;"Eleições Gerais Estaduais 2018";"07/10/2018";"AC";"AC";"ACRE";10000603895;2;21;"Veículo automotor terrestre: caminhão, automóvel, moto, etc.";"#NULO#";"3000,00";"28/01/2019";"16:34:17"
"13/11/2024";"10:55:11";2018;2;"Eleição Ordinária";297;"Eleições Gerais Estaduais 2018";"07/10/2018";"AC";"AC";"ACRE";10000603897;1;12;"Casa";"#NULO#";"285000,00";"28/01/2019";"16:34:29"
"13/11/2024";"10:55:11";2018;2;"Eleição Ordinária";297;"Eleições Gerais Estaduais 2018";"07/10/2018";"AC";"AC";"ACRE";10000603898;2;21;"Veículo automotor terrestre: caminhão, automóvel, moto, etc.";"#NULO#";"43000,00";"28/01/2019";"16:34:17"
"13/11/2024";"10:55:11";2018;2;"Eleição Ordinária";297;"Eleições Gerais Estaduais 2018";"07/10/2018";"AC";"AC";"ACRE";10000603899;1;12;"Casa";"#NULO#";"200000,00";"28/01/2019";"16:35:03"
"13/11/2024";"10:55:11";2018;2;"Eleição Ordinária";297;"Eleições Gerais Estaduais 2018";"07/10/2018";"AC";"AC";"ACRE";10000603899;2;21;"Veículo automotor terrestre: caminhão, automóvel, moto, etc.";"#NULO#";"60000,00";"28/01/2019";"16:35:03"
"13/11/2024";"10:55:11";2018;2;"Eleição Ordinária";297;"Eleições Gerais Estaduais 2018";"07/10/2018";"AC";"AC";"ACRE";10000603905;3;21;"Veículo automotor terrestre: caminhão, automóvel, moto, etc.";"#NULO#";"1000,00";"28/01/2019";"16:33:59"
"13/11/2024";"10:55:11";2018;2;"Eleição Ordinária";297;"Eleições Gerais Estaduais 2018";"07/10/2018";"AC";"AC";"ACRE";10000603906;1;21;"Veículo automotor terrestre: caminhão, automóvel, moto, etc.";"#NULO#";"141000,00";"28/01/2019";"16:34:22"
"13/11/2024";"10:55:11";2018;2;"Eleição Ordinária";297;"Eleições Gerais Estaduais 2018";"07/10/2018";"AC";"AC";"ACRE";10000603906;4;21;"Veículo automotor terrestre: caminhão, automóvel, moto, etc.";"#NULO#";"90000,00";"28/01/2019";"16:34:22"
"13/11/2024";"10:55:11";2018;2;"Eleição Ordinária";297;"Eleições Gerais Estaduais 2018";"07/10/2018";"AC";"AC";"ACRE";10000603907;1;21;"Veículo automotor terrestre: caminhão, automóvel, moto, etc.";"#NULO#";"15000,00";"28/01/2019";"16:34:37"
"13/11/2024";"10:55:11";2018;2;"Eleição Ordinária";297;"Eleições Gerais Estaduais 2018";"07/10/2018";"AC";"AC";"ACRE";10000603907;2;21;"Veículo automotor terrestre: caminhão, automóvel, moto, etc.";"#NULO#";"4500,00";"28/01/2019";"16:34:37"
"13/11/2024";"10:55:11";2018;2;"Eleição Ordinária";297;"Eleições Gerais Estaduais 2018";"07/10/2018";"AC";"AC";"ACRE";10000603910;1;21;"Veículo automotor terrestre: caminhão, automóvel, moto, etc.";"#NULO#";"4500,00";"28/01/2019";"16:34:00"
"13/11/2024";"10:55:11";2018;2;"Eleição Ordinária";297;"Eleições Gerais Estaduais 2018";"07/10/2018";"AC";"AC";"ACRE";10000603911;1;21;"Veículo automotor terrestre: caminhão, automóvel, moto, etc.";"#NULO#";"50000,00";"28/01/2019";"16:34:38"
"13/11/2024";"10:55:11";2018;2;"Eleição Ordinária";297;"Eleições Gerais Estaduais 2018";"07/10/2018";"AC";"AC";"ACRE";10000603912;1;21;"Veículo automotor terrestre: caminhão, automóvel, moto, etc.";"#NULO#";"28000,00";"28/01/2019";"16:34:38"
"13/11/2024";"10:55:11";2018;2;"Eleição Ordinária";297;"Eleições Gerais Estaduais 2018";"07/10/2018";"AC";"AC";"ACRE";10000603913;1;21;"Veículo automotor terrestre: caminhão, automóvel, moto, etc.";"#NULO#";"4000,00";"28/01/2019";"16:35:09"
"13/11/2024";"10:55:11";2018;2;"Eleição Ordinária";297;"Eleições Gerais Estaduais 2018";"07/10/2018";"AC";"AC";"ACRE";10000603915;1;21;"Veículo automotor terrestre: caminhão, automóvel, moto, etc.";"#NULO#";"80000,00";"28/01/2019";"16:34:23"
"13/11/2024";"10:55:11";2018;2;"Eleição Ordinária";297;"Eleições Gerais Estaduais 2018";"07/10/2018";"AC";"AC";"ACRE";10000603918;3;21;"Veículo automotor terrestre: caminhão, automóvel, moto, etc.";"#NULO#";"55000,00";"28/01/2019";"16:34:38"
"13/11/2024";"10:55:11";2018;2;"Eleição Ordinária";297;"Eleições Gerais Estaduais 2018";"07/10/2018";"AC";"AC";"ACRE";10000604761;1;12;"Casa";"CASA RESIDENCIAL, LOCALIZADA A RUA W5, 39, CONJUNTO TUCUMÃ, COM TERRENO DE 275M², COM ÁREA CONSTRUÍDA NO TOTAL DE 179,15M² ADQ. EM 1989";"121614,10";"28/01/2019";"16:35:04"
"13/11/2024";"10:55:11";2018;2;"Eleição Ordinária";297;"Eleições Gerais Estaduais 2018";"07/10/2018";"AC";"AC";"ACRE";10000604761;2;21;"Veículo automotor terrestre: caminhão, automóvel, moto, etc.";"AUTOMÓVEL VW/GOL 1000I, ANO/MOD FAB. 1996/1995, RENAVAM 00138274738";"3000,00";"28/01/2019";"16:35:04"
"13/11/2024";"10:55:11";2018;2;"Eleição Ordinária";297;"Eleições Gerais Estaduais 2018";"07/10/2018";"AC";"AC";"ACRE";10000604761;3;21;"Veículo automotor terrestre: caminhão, automóvel, moto, etc.";"AUTOMÓVEL HYUNDAI HB20 1.6M PREM, ANO MOD/FAB 2013/2012, RENAVAM 00496399560";"46040,00";"28/01/2019";"16:35:04"
"13/11/2024";"10:55:11";2018;2;"Eleição Ordinária";297;"Eleições Gerais Estaduais 2018";"07/10/2018";"AC";"AC";"ACRE";10000604762;2;21;"Veículo automotor terrestre: caminhão, automóvel, moto, etc.";"MOTO YAMAHA, FACTOR, YBR 125 ED, ANO/MOD 2009/2010, COR VERMELHA, PLACA MZR 3641";"3000,00";"28/01/2019";"16:34:00"
"13/11/2024";"10:55:11";2018;2;"Eleição Ordinária";297;"Eleições Gerais Estaduais 2018";"07/10/2018";"AC";"AC";"ACRE";10000604763;1;21;"Veículo automotor terrestre: caminhão, automóvel, moto, etc.";"AUTOMOVEL MARCA HYUNDAI/ HB20, ANO/MOD. 2018/2018, COR PRATA, PLACA NXS 4304.";"52000,00";"28/01/2019";"16:34:29"
"13/11/2024";"10:55:11";2018;2;"Eleição Ordinária";297;"Eleições Gerais Estaduais 2018";"07/10/2018";"AC";"AC";"ACRE";10000604764;6;21;"Veículo automotor terrestre: caminhão, automóvel, moto, etc.";"MOTO HONDA/ NXR 160BROSS, ANO E MOD. 2016, PLACA QLV 1169, COR PRETA, ADQ. 07/12/2016";"10866,00";"28/01/2019";"16:34:01"
"13/11/2024";"10:55:11";2018;2;"Eleição Ordinária";297;"Eleições Gerais Estaduais 2018";"07/10/2018";"AC";"AC";"ACRE";10000604766;1;21;"Veículo automotor terrestre: caminhão, automóvel, moto, etc.";"CARRO PASSEIO FIAT UNO MILLE WAY ECON, ANO 2009/2010, COR VERMELHA, PLACA NAC 4067.";"25000,00";"28/01/2019";"16:35:10"
"13/11/2024";"10:55:11";2018;2;"Eleição Ordinária";297;"Eleições Gerais Estaduais 2018";"07/10/2018";"AC";"AC";"ACRE";10000604767;1;21;"Veículo automotor terrestre: caminhão, automóvel, moto, etc.";"AUTOMOVEL TIPO CAMINHONETE, ESP/CAMINHONET/ABERT/ C. DUP, DIESEL, FAB/MOD. 2004/2004, COR PRATA, PLACA MZU 5567";"37000,00";"28/01/2019";"16:33:54"
"13/11/2024";"10:55:11";2018;2;"Eleição Ordinária";297;"Eleições Gerais Estaduais 2018";"07/10/2018";"AC";"AC";"ACRE";10000604769;2;21;"Veículo automotor terrestre: caminhão, automóvel, moto, etc.";"AUTOMOVEL HONDA CIVIC EX, COR PRATA, ANO/FAB 1996/1996, PLACA GUL 9498.";"10000,00";"28/01/2019";"16:34:01"
"13/11/2024";"10:55:11";2018;2;"Eleição Ordinária";297;"Eleições Gerais Estaduais 2018";"07/10/2018";"AC";"AC";"ACRE";10000604770;1;12;"Casa";"CASA EM ALVENARIA MEDINDO 10X6, NO TERRENO MEDINDO 200M², LOCALIZADO NA RUA NATAL, 503, WALDEMAR MACIEL";"120000,00";"28/01/2019";"16:35:04"
"13/11/2024";"10:55:11";2018;2;"Eleição Ordinária";297;"Eleições Gerais Estaduais 2018";"07/10/2018";"AC";"AC";"ACRE";10000604770;2;21;"Veículo automotor terrestre: caminhão, automóvel, moto, etc.";"AUTOMOVEL CHEVROLET CLASSIC, ANO/MOD. 2015/2015, COR PRETA, PLACA NAF 0823";"32723,00";"28/01/2019";"16:35:04"
"13/11/2024";"10:55:11";2018;2;"Eleição Ordinária";297;"Eleições Gerais Estaduais 2018";"07/10/2018";"AC";"AC";"ACRE";10000604770;3;21;"Veículo automotor terrestre: caminhão, automóvel, moto, etc.";"MOTOCICLETA HONDA, CG 150, COR VERMELHA, ANO/FAB 2008/2009";"4200,00";"28/01/2019";"16:35:04"
"13/11/2024";"10:55:11";2018;2;"Eleição Ordinária";297;"Eleições Gerais Estaduais 2018";"07/10/2018";"AC";"AC";"ACRE";10000604771;1;21;"Veículo automotor terrestre: caminhão, automóvel, moto, etc.";"AUTOMÓVEL FIESTA SEDAN, 2018, PLACA mzx 8547, COR PRETA.";"15000,00";"28/01/2019";"16:35:03"
"13/11/2024";"10:55:11";2018;2;"Eleição Ordinária";297;"Eleições Gerais Estaduais 2018";"07/10/2018";"AC";"AC";"ACRE";10000604772;1;12;"Casa";"IMÓVEL RESIDENCIAL EM ALVENARIA, SITUADO À RUA BENJAMIM CONSTAT, EM TARAUACA-AC, ADQ. 1985";"52105,00";"17/09/2018";"19:36:09"
"13/11/2024";"10:55:11";2018;2;"Eleição Ordinária";297;"Eleições Gerais Estaduais 2018";"07/10/2018";"AC";"AC";"ACRE";10000604772;3;12;"Casa";"CASA EM MADEIRA, SITUADA À RUA FLORIANO PEIXOTO, TARAUACÁ-AC";"10421,00";"17/09/2018";"19:36:09"
"13/11/2024";"10:55:11";2018;2;"Eleição Ordinária";297;"Eleições Gerais Estaduais 2018";"07/10/2018";"AC";"AC";"ACRE";10000604772;4;12;"Casa";"UNID. RESIDENCIAL LOCALIZADO À RUA COLOMBIA, 187, BOSQUE.";"74525,25";"17/09/2018";"19:36:09"
"13/11/2024";"10:55:11";2018;2;"Eleição Ordinária";297;"Eleições Gerais Estaduais 2018";"07/10/2018";"AC";"AC";"ACRE";10000604772;8;21;"Veículo automotor terrestre: caminhão, automóvel, moto, etc.";"AUTOMOVEL MONZA, ANO 1985";"12000,00";"17/09/2018";"19:36:09"
"13/11/2024";"10:55:11";2018;2;"Eleição Ordinária";297;"Eleições Gerais Estaduais 2018";"07/10/2018";"AC";"AC";"ACRE";10000604773;1;12;"Casa";"UMA CASA RESIDENCIAL";"35000,00";"28/01/2019";"16:34:38"
"13/11/2024";"10:55:11";2018;2;"Eleição Ordinária";297;"Eleições Gerais Estaduais 2018";"07/10/2018";"AC";"AC";"ACRE";10000604773;2;12;"Casa";"CASA RESIDENCIAL, LOCALIZADO À RUA MAJOR SALINAS, 25, CENTRO, XAPURI-AC";"70000,00";"28/01/2019";"16:34:38"
"13/11/2024";"10:55:11";2018;2;"Eleição Ordinária";297;"Eleições Gerais Estaduais 2018";"07/10/2018";"AC";"AC";"ACRE";10000604773;3;12;"Casa";"CASA RESIDENCIAL, LOCALIZADO NA RUA MAJOR SALINAS, 35, CENTRO, XAPURI-AC";"120000,00";"28/01/2019";"16:34:38"
"13/11/2024";"10:55:11";2018;2;"Eleição Ordinária";297;"Eleições Gerais Estaduais 2018";"07/10/2018";"AC";"AC";"ACRE";10000604781;1;12;"Casa";"TERÇA PARTE DE UMA CASA EM ALVENARIA, LOCALIZADA NA TV. SÃO JOSE, N. 111, PISTA";"50000,00";"28/01/2019";"16:34:39"
"13/11/2024";"10:55:11";2018;2;"Eleição Ordinária";297;"Eleições Gerais Estaduais 2018";"07/10/2018";"AC";"AC";"ACRE";10000604782;2;21;"Veículo automotor terrestre: caminhão, automóvel, moto, etc.";"MOTO HONDA CG 160 START, ANO 2016, FAB 2016, COR VERMELHA, PLACA NXR 5365.";"5000,00";"28/01/2019";"16:33:53"
"13/11/2024";"10:55:11";2018;2;"Eleição Ordinária";297;"Eleições Gerais Estaduais 2018";"07/10/2018";"AC";"AC";"ACRE";10000604783;1;12;"Casa";"CASA 5X6, LOCALIZADO À RUA FÉ EM DEUS, N.103, BAIRRO IVETE VARGAS.";"100000,00";"28/01/2019";"16:34:29"
"13/11/2024";"10:55:11";2018;2;"Eleição Ordinária";297;"Eleições Gerais Estaduais 2018";"07/10/2018";"AC";"AC";"ACRE";10000604786;1;12;"Casa";"CASA SITUADA À RUA 10 DE JANEIRO, 89, BOA UNIÃO, RIO BRANCO-AC";"60000,00";"28/01/2019";"16:34:24"
"13/11/2024";"10:55:11";2018;2;"Eleição Ordinária";297;"Eleições Gerais Estaduais 2018";"07/10/2018";"AC";"AC";"ACRE";10000604787;1;21;"Veículo automotor terrestre: caminhão, automóvel, moto, etc.";"#NULO#";"20000,00";"17/09/2018";"19:36:09"
"13/11/2024";"10:55:11";2018;2;"Eleição Ordinária";297;"Eleições Gerais Estaduais 2018";"07/10/2018";"AC";"AC";"ACRE";10000604787;2;21;"Veículo automotor terrestre: caminhão, automóvel, moto, etc.";"#NULO#";"4000,00";"17/09/2018";"19:36:09"
"13/11/2024";"10:55:11";2018;2;"Eleição Ordinária";297;"Eleições Gerais Estaduais 2018";"07/10/2018";"AC";"AC";"ACRE";10000604787;3;21;"Veículo automotor terrestre: caminhão, automóvel, moto, etc.";"#NULO#";"6000,00";"17/09/2018";"19:36:09"
"13/11/2024";"10:55:11";2018;2;"Eleição Ordinária";297;"Eleições Gerais Estaduais 2018";"07/10/2018";"AC";"AC";"ACRE";10000604788;1;12;"Casa";"CASA MEDINDO 9X6, EM TERRENO MEDINDO 10X30, LOCALIZADO À RUA SERINGUEIRA, 136, CALAFATE - PORTAL DA AMAZONIA";"15000,00";"28/01/2019";"16:35:10"
"13/11/2024";"10:55:11";2018;2;"Eleição Ordinária";297;"Eleições Gerais Estaduais 2018";"07/10/2018";"AC";"AC";"ACRE";10000604788;3;21;"Veículo automotor terrestre: caminhão, automóvel, moto, etc.";"AUTOMÓVEL VOYAGE, ANO 2010, FAB 2010, COR PRETA, PLACA NAB 0727.";"20000,00";"28/01/2019";"16:35:10"
"13/11/2024";"10:55:11";2018;2;"Eleição Ordinária";297;"Eleições Gerais Estaduais 2018";"07/10/2018";"AC";"AC";"ACRE";10000604792;1;12;"Casa";"IMOVEL RESIDENCIAL LOCALIZADO NA RUA FRANCISCO ADEMAR, 189, BAIRRO CHICO MENDES, RIO BRANCO-AC";"120000,00";"28/01/2019";"16:33:53"
"13/11/2024";"10:55:11";2018;2;"Eleição Ordinária";297;"Eleições Gerais Estaduais 2018";"07/10/2018";"AC";"AC";"ACRE";10000607157;2;21;"Veículo automotor terrestre: caminhão, automóvel, moto, etc.";"#NULO#";"12000,00";"28/01/2019";"16:33:52"
"13/11/2024";"10:55:11";2018;2;"Eleição Ordinária";297;"Eleições Gerais Estaduais 2018";"07/10/2018";"AC";"AC";"ACRE";10000607153;1;21;"Veículo automotor terrestre: caminhão, automóvel, moto, etc.";"#NULO#";"100000,00";"28/01/2019";"16:34:36"
"13/11/2024";"10:55:11";2018;2;"Eleição Ordinária";297;"Eleições Gerais Estaduais 2018";"07/10/2018";"AC";"AC";"ACRE";10000607160;2;21;"Veículo automotor terrestre: caminhão, automóvel, moto, etc.";"#NULO#";"3000,00";"28/01/2019";"16:34:28"
"13/11/2024";"10:55:11";2018;2;"Eleição Ordinária";297;"Eleições Gerais Estaduais 2018";"07/10/2018";"AC";"AC";"ACRE";10000607162;2;21;"Veículo automotor terrestre: caminhão, automóvel, moto, etc.";"#NULO#";"20000,00";"28/01/2019";"16:33:59"
"13/11/2024";"10:55:11";2018;2;"Eleição Ordinária";297;"Eleições Gerais Estaduais 2018";"07/10/2018";"AC";"AC";"ACRE";10000607162;3;21;"Veículo automotor terrestre: caminhão, automóvel, moto, etc.";"#NULO#";"60000,00";"28/01/2019";"16:33:59"
"13/11/2024";"10:55:11";2018;2;"Eleição Ordinária";297;"Eleições Gerais Estaduais 2018";"07/10/2018";"AC";"AC";"ACRE";10000607167;1;21;"Veículo automotor terrestre: caminhão, automóvel, moto, etc.";"#NULO#";"8000,00";"28/01/2019";"16:35:03"
"13/11/2024";"10:55:11";2018;2;"Eleição Ordinária";297;"Eleições Gerais Estaduais 2018";"07/10/2018";"AC";"AC";"ACRE";10000607177;1;21;"Veículo automotor terrestre: caminhão, automóvel, moto, etc.";"#NULO#";"3000,00";"28/01/2019";"16:34:22"
"13/11/2024";"10:55:11";2018;2;"Eleição Ordinária";297;"Eleições Gerais Estaduais 2018";"07/10/2018";"AC";"AC";"ACRE";10000608400;10;11;"Apartamento";"#NULO#";"450000,00";"28/01/2019";"16:33:14"
"13/11/2024";"10:55:11";2018;2;"Eleição Ordinária";297;"Eleições Gerais Estaduais 2018";"07/10/2018";"AC";"AC";"ACRE";10000608402;1;11;"Apartamento";"01 (um) apartamento n. 1.602/1.603 no Condomínio Brasil Tropical Residence em Fortaleza - CE";"130000,00";"28/01/2019";"16:33:05"
"13/11/2024";"10:55:11";2018;2;"Eleição Ordinária";297;"Eleições Gerais Estaduais 2018";"07/10/2018";"AC";"AC";"ACRE";10000610634;5;11;"Apartamento";"#NULO#";"158870,00";"28/01/2019";"16:34:26"
"13/11/2024";"10:55:11";2018;2;"Eleição Ordinária";297;"Eleições Gerais Estaduais 2018";"07/10/2018";"AC";"AC";"ACRE";10000610673;7;11;"Apartamento";"#NULO#";"191351,03";"28/01/2019";"16:33:22"
"13/11/2024";"10:55:11";2018;2;"Eleição Ordinária";297;"Eleições Gerais Estaduais 2018";"07/10/2018";"AC";"AC";"ACRE";10000615657;7;11;"Apartamento";"#NULO#";"1217003,48";"08/04/2021";"17:25:19"
"13/11/2024";"10:55:11";2018;2;"Eleição Ordinária";297;"Eleições Gerais Estaduais 2018";"07/10/2018";"AC";"AC";"ACRE";10000615606;2;11;"Apartamento";"#NULO#";"220000,00";"28/01/2019";"16:33:23"
"13/11/2024";"10:55:11";2018;2;"Eleição Ordinária";297;"Eleições Gerais Estaduais 2018";"07/10/2018";"AC";"AC";"ACRE";10000615658;1;11;"Apartamento";"#NULO#";"70102,63";"08/04/2021";"17:25:20"
"13/11/2024";"10:55:11";2018;2;"Eleição Ordinária";297;"Eleições Gerais Estaduais 2018";"07/10/2018";"AC";"AC";"ACRE";10000615658;7;11;"Apartamento";"#NULO#";"169825,53";"08/04/2021";"17:25:20"
"13/11/2024";"10:55:11";2018;2;"Eleição Ordinária";297;"Eleições Gerais Estaduais 2018";"07/10/2018";"AC";"AC";"ACRE";10000615658;8;11;"Apartamento";"#NULO#";"273046,50";"08/04/2021";"17:25:20"
"13/11/2024";"10:55:11";2018;2;"Eleição Ordinária";297;"Eleições Gerais Estaduais 2018";"07/10/2018";"AC";"AC";"ACRE";10000615658;9;11;"Apartamento";"#NULO#";"427869,98";"08/04/2021";"17:25:20"
"13/11/2024";"10:55:11";2018;2;"Eleição Ordinária";297;"Eleições Gerais Estaduais 2018";"07/10/2018";"AC";"AC";"ACRE";10000615658;10;11;"Apartamento";"#NULO#";"508401,74";"08/04/2021";"17:25:20"
"13/11/2024";"10:55:11";2018;2;"Eleição Ordinária";297;"Eleições Gerais Estaduais 2018";"07/10/2018";"AC";"AC";"ACRE";10000615659;3;11;"Apartamento";"#NULO#";"100000,00";"08/04/2021";"17:25:19"
"13/11/2024";"10:55:11";2018;2;"Eleição Ordinária";297;"Eleições Gerais Estaduais 2018";"07/10/2018";"AC";"AC";"ACRE";10000624274;3;11;"Apartamento";"#NULO#";"150000,00";"28/01/2019";"16:33:54"
"13/11/2024";"10:55:11";2018;2;"Eleição Ordinária";297;"Eleições Gerais Estaduais 2018";"07/10/2018";"AC";"AC";"ACRE";10000624313;1;11;"Apartamento";"#NULO#";"180000,00";"28/01/2019";"16:33:59"
"13/11/2024";"10:55:11";2018;2;"Eleição Ordinária";297;"Eleições Gerais Estaduais 2018";"07/10/2018";"AC";"AC";"ACRE";10000624313;2;11;"Apartamento";"#NULO#";"367000,00";"28/01/2019";"16:33:59"
"13/11/2024";"10:55:11";2018;2;"Eleição Ordinária";297;"Eleições Gerais Estaduais 2018";"07/10/2018";"AC";"AC";"ACRE";10000624313;3;11;"Apartamento";"#NULO#";"220000,00";"28/01/2019";"16:33:59"
"13/11/2024";"10:55:11";2018;2;"Eleição Ordinária";297;"Eleições Gerais Estaduais 2018";"07/10/2018";"AC";"AC";"ACRE";10000607180;1;12;"Casa";"#NULO#";"50000,00";"28/01/2019";"16:34:29"
"13/11/2024";"10:55:11";2018;2;"Eleição Ordinária";297;"Eleições Gerais Estaduais 2018";"07/10/2018";"AC";"AC";"ACRE";10000607181;1;12;"Casa";"#NULO#";"95000,00";"28/01/2019";"16:34:17"
"13/11/2024";"10:55:11";2018;2;"Eleição Ordinária";297;"Eleições Gerais Estaduais 2018";"07/10/2018";"AC";"AC";"ACRE";10000608363;1;12;"Casa";"#NULO#";"100000,00";"28/01/2019";"16:34:20"
"13/11/2024";"10:55:11";2018;2;"Eleição Ordinária";297;"Eleições Gerais Estaduais 2018";"07/10/2018";"AC";"AC";"ACRE";10000608365;1;12;"Casa";"#NULO#";"80000,00";"28/01/2019";"16:34:20"
"13/11/2024";"10:55:11";2018;2;"Eleição Ordinária";297;"Eleições Gerais Estaduais 2018";"07/10/2018";"AC";"AC";"ACRE";10000608365;6;21;"Veículo automotor terrestre: caminhão, automóvel, moto, etc.";"#NULO#";"18000,00";"28/01/2019";"16:34:20"
"13/11/2024";"10:55:11";2018;2;"Eleição Ordinária";297;"Eleições Gerais Estaduais 2018";"07/10/2018";"AC";"AC";"ACRE";10000608365;7;21;"Veículo automotor terrestre: caminhão, automóvel, moto, etc.";"#NULO#";"129000,00";"28/01/2019";"16:34:20"
"13/11/2024";"10:55:11";2018;2;"Eleição Ordinária";297;"Eleições Gerais Estaduais 2018";"07/10/2018";"AC";"AC";"ACRE";10000608366;1;21;"Veículo automotor terrestre: caminhão, automóvel, moto, etc.";"#NULO#";"100000,00";"28/01/2019";"16:35:07"
"13/11/2024";"10:55:11";2018;2;"Eleição Ordinária";297;"Eleições Gerais Estaduais 2018";"07/10/2018";"AC";"AC";"ACRE";10000608366;2;21;"Veículo automotor terrestre: caminhão, automóvel, moto, etc.";"#NULO#";"21546,00";"28/01/2019";"16:35:07"
"13/11/2024";"10:55:11";2018;2;"Eleição Ordinária";297;"Eleições Gerais Estaduais 2018";"07/10/2018";"AC";"AC";"ACRE";10000608366;4;21;"Veículo automotor terrestre: caminhão, automóvel, moto, etc.";"#NULO#";"179900,00";"28/01/2019";"16:35:07"
"13/11/2024";"10:55:11";2018;2;"Eleição Ordinária";297;"Eleições Gerais Estaduais 2018";"07/10/2018";"AC";"AC";"ACRE";10000608370;8;21;"Veículo automotor terrestre: caminhão, automóvel, moto, etc.";"#NULO#";"58321,28";"28/01/2019";"16:34:25"
"13/11/2024";"10:55:11";2018;2;"Eleição Ordinária";297;"Eleições Gerais Estaduais 2018";"07/10/2018";"AC";"AC";"ACRE";10000608370;9;21;"Veículo automotor terrestre: caminhão, automóvel, moto, etc.";"#NULO#";"155000,00";"28/01/2019";"16:34:25"
"13/11/2024";"10:55:11";2018;2;"Eleição Ordinária";297;"Eleições Gerais Estaduais 2018";"07/10/2018";"AC";"AC";"ACRE";10000608370;10;21;"Veículo automotor terrestre: caminhão, automóvel, moto, etc.";"#NULO#";"15000,00";"28/01/2019";"16:34:25"
"13/11/2024";"10:55:11";2018;2;"Eleição Ordinária";297;"Eleições Gerais Estaduais 2018";"07/10/2018";"AC";"AC";"ACRE";10000608370;14;21;"Veículo automotor terrestre: caminhão, automóvel, moto, etc.";"#NULO#";"58000,00";"28/01/2019";"16:34:25"
"13/11/2024";"10:55:11";2018;2;"Eleição Ordinária";297;"Eleições Gerais Estaduais 2018";"07/10/2018";"AC";"AC";"ACRE";10000608372;1;12;"Casa";"#NULO#";"750000,00";"28/01/2019";"16:35:13"
"13/11/2024";"10:55:11";2018;2;"Eleição Ordinária";297;"Eleições Gerais Estaduais 2018";"07/10/2018";"AC";"AC";"ACRE";10000608372;3;21;"Veículo automotor terrestre: caminhão, automóvel, moto, etc.";"#NULO#";"63000,00";"28/01/2019";"16:35:13"
"13/11/2024";"10:55:11";2018;2;"Eleição Ordinária";297;"Eleições Gerais Estaduais 2018";"07/10/2018";"AC";"AC";"ACRE";10000608373;1;21;"Veículo automotor terrestre: caminhão, automóvel, moto, etc.";"#NULO#";"100000,00";"28/01/2019";"16:34:45"
"13/11/2024";"10:55:11";2018;2;"Eleição Ordinária";297;"Eleições Gerais Estaduais 2018";"07/10/2018";"AC";"AC";"ACRE";10000608374;1;12;"Casa";"#NULO#";"300000,00";"28/01/2019";"16:34:18"
"13/11/2024";"10:55:11";2018;2;"Eleição Ordinária";297;"Eleições Gerais Estaduais 2018";"07/10/2018";"AC";"AC";"ACRE";10000608374;2;21;"Veículo automotor terrestre: caminhão, automóvel, moto, etc.";"#NULO#";"15000,00";"28/01/2019";"16:34:18"
"13/11/2024";"10:55:11";2018;2;"Eleição Ordinária";297;"Eleições Gerais Estaduais 2018";"07/10/2018";"AC";"AC";"ACRE";10000608375;4;21;"Veículo automotor terrestre: caminhão, automóvel, moto, etc.";"#NULO#";"23000,00";"28/01/2019";"16:34:21"
"13/11/2024";"10:55:11";2018;2;"Eleição Ordinária";297;"Eleições Gerais Estaduais 2018";"07/10/2018";"AC";"AC";"ACRE";10000608375;5;21;"Veículo automotor terrestre: caminhão, automóvel, moto, etc.";"#NULO#";"3000,00";"28/01/2019";"16:34:21"
"13/11/2024";"10:55:11";2018;2;"Eleição Ordinária";297;"Eleições Gerais Estaduais 2018";"07/10/2018";"AC";"AC";"ACRE";10000608375;6;21;"Veículo automotor terrestre: caminhão, automóvel, moto, etc.";"#NULO#";"3000,00";"28/01/2019";"16:34:21"
"13/11/2024";"10:55:11";2018;2;"Eleição Ordinária";297;"Eleições Gerais Estaduais 2018";"07/10/2018";"AC";"AC";"ACRE";10000608398;1;12;"Casa";"#NULO#";"450000,00";"28/01/2019";"16:33:19"
"13/11/2024";"10:55:11";2018;2;"Eleição Ordinária";297;"Eleições Gerais Estaduais 2018";"07/10/2018";"AC";"AC";"ACRE";10000608398;2;21;"Veículo automotor terrestre: caminhão, automóvel, moto, etc.";"#NULO#";"17000,00";"28/01/2019";"16:33:19"
"13/11/2024";"10:55:11";2018;2;"Eleição Ordinária";297;"Eleições Gerais Estaduais 2018";"07/10/2018";"AC";"AC";"ACRE";10000600132;1;11;"Apartamento";"#NULO#";"515000,00";"28/01/2019";"16:33:54"
"13/11/2024";"10:55:11";2018;2;"Eleição Ordinária";297;"Eleições Gerais Estaduais 2018";"07/10/2018";"AC";"AC";"ACRE";10000600132;2;11;"Apartamento";"#NULO#";"8500,00";"28/01/2019";"16:33:54"
"13/11/2024";"10:55:11";2018;2;"Eleição Ordinária";297;"Eleições Gerais Estaduais 2018";"07/10/2018";"AC";"AC";"ACRE";10000600136;1;11;"Apartamento";"#NULO#";"70000,00";"28/01/2019";"16:34:24"
"13/11/2024";"10:55:11";2018;2;"Eleição Ordinária";297;"Eleições Gerais Estaduais 2018";"07/10/2018";"AC";"AC";"ACRE";10000600146;4;11;"Apartamento";"#NULO#";"160000,00";"28/01/2019";"16:34:09"
"13/11/2024";"10:55:11";2018;2;"Eleição Ordinária";297;"Eleições Gerais Estaduais 2018";"07/10/2018";"AC";"AC";"ACRE";10000600786;3;11;"Apartamento";"#NULO#";"330000,00";"28/01/2019";"16:34:58"
"13/11/2024";"10:55:11";2018;2;"Eleição Ordinária";297;"Eleições Gerais Estaduais 2018";"07/10/2018";"AC";"AC";"ACRE";10000600786;4;11;"Apartamento";"#NULO#";"322803,60";"28/01/2019";"16:34:58"
"13/11/2024";"10:55:11";2018;2;"Eleição Ordinária";297;"Eleições Gerais Estaduais 2018";"07/10/2018";"AC";"AC";"ACRE";10000600852;1;11;"Apartamento";"#NULO#";"64092,64";"28/01/2019";"16:33:15"
"13/11/2024";"10:55:11";2018;2;"Eleição Ordinária";297;"Eleições Gerais Estaduais 2018";"07/10/2018";"AC";"AC";"ACRE";10000600852;2;11;"Apartamento";"#NULO#";"115000,00";"28/01/2019";"16:33:15"
"13/11/2024";"10:55:11";2018;2;"Eleição Ordinária";297;"Eleições Gerais Estaduais 2018";"07/10/2018";"AC";"AC";"ACRE";10000600853;2;11;"Apartamento";"#NULO#";"38000,00";"28/01/2019";"16:33:12"
"13/11/2024";"10:55:11";2018;2;"Eleição Ordinária";297;"Eleições Gerais Estaduais 2018";"07/10/2018";"AC";"AC";"ACRE";10000602289;9;11;"Apartamento";"#NULO#";"600000,00";"28/01/2019";"16:33:06"
"13/11/2024";"10:55:11";2018;2;"Eleição Ordinária";297;"Eleições Gerais Estaduais 2018";"07/10/2018";"AC";"AC";"ACRE";10000602515;1;11;"Apartamento";"#NULO#";"384892,56";"28/01/2019";"16:33:06"
"13/11/2024";"10:55:11";2018;2;"Eleição Ordinária";297;"Eleições Gerais Estaduais 2018";"07/10/2018";"AC";"AC";"ACRE";10000602515;2;11;"Apartamento";"#NULO#";"227682,00";"28/01/2019";"16:33:06"
"13/11/2024";"10:55:11";2018;2;"Eleição Ordinária";297;"Eleições Gerais Estaduais 2018";"07/10/2018";"AC";"AC";"ACRE";10000602843;13;11;"Apartamento";"#NULO#";"120000,00";"28/01/2019";"16:34:31"
"13/11/2024";"10:55:11";2018;2;"Eleição Ordinária";297;"Eleições Gerais Estaduais 2018";"07/10/2018";"AC";"AC";"ACRE";10000602844;1;11;"Apartamento";"#NULO#";"80000,00";"28/01/2019";"16:34:31"
"13/11/2024";"10:55:11";2018;2;"Eleição Ordinária";297;"Eleições Gerais Estaduais 2018";"07/10/2018";"AC";"AC";"ACRE";10000603060;1;11;"Apartamento";"#NULO#";"265000,00";"08/04/2021";"17:25:19"
"13/11/2024";"10:55:11";2018;2;"Eleição Ordinária";297;"Eleições Gerais Estaduais 2018";"07/10/2018";"AC";"AC";"ACRE";10000603061;1;11;"Apartamento";"#NULO#";"500000,00";"08/04/2021";"17:25:19"
"13/11/2024";"10:55:11";2018;2;"Eleição Ordinária";297;"Eleições Gerais Estaduais 2018";"07/10/2018";"AC";"AC";"ACRE";10000603061;4;11;"Apartamento";"#NULO#";"520000,00";"08/04/2021";"17:25:19"
"13/11/2024";"10:55:11";2018;2;"Eleição Ordinária";297;"Eleições Gerais Estaduais 2018";"07/10/2018";"AC";"AC";"ACRE";10000603061;11;11;"Apartamento";"#NULO#";"125000,00";"08/04/2021";"17:25:19"
"13/11/2024";"10:55:11";2018;2;"Eleição Ordinária";297;"Eleições Gerais Estaduais 2018";"07/10/2018";"AC";"AC";"ACRE";10000603062;17;11;"Apartamento";"#NULO#";"1500000,00";"08/04/2021";"17:25:19"
"13/11/2024";"10:55:11";2018;2;"Eleição Ordinária";297;"Eleições Gerais Estaduais 2018";"07/10/2018";"AC";"AC";"ACRE";10000603063;2;11;"Apartamento";"#NULO#";"17059,25";"08/04/2021";"17:25:19"
"13/11/2024";"10:55:11";2018;2;"Eleição Ordinária";297;"Eleições Gerais Estaduais 2018";"07/10/2018";"AC";"AC";"ACRE";10000604772;7;17;"Benfeitorias";"BENFEITORIA NA ÁREA DE TERRA NO SERINGAL PORTO ALEGRE, ÀS MARGENS DO RIO MURU, MEDINDO 300HA, EM TARAUACÁ-AC";"140000,00";"17/09/2018";"19:36:09"
"13/11/2024";"10:55:11";2018;2;"Eleição Ordinária";297;"Eleições Gerais Estaduais 2018";"07/10/2018";"AC";"AC";"ACRE";10000608369;1;11;"Apartamento";"#NULO#";"500000,00";"28/01/2019";"16:35:07"
"13/11/2024";"10:55:11";2018;2;"Eleição Ordinária";297;"Eleições Gerais Estaduais 2018";"07/10/2018";"AC";"AC";"ACRE";10000608369;3;11;"Apartamento";"#NULO#";"250000,00";"28/01/2019";"16:35:07"
"13/11/2024";"10:55:11";2018;2;"Eleição Ordinária";297;"Eleições Gerais Estaduais 2018";"07/10/2018";"AC";"AC";"ACRE";10000600216;1;61;"Depósito bancário em conta corrente no País";"#NULO#";"20870,32";"28/01/2019";"16:34:34"
"13/11/2024";"10:55:11";2018;2;"Eleição Ordinária";297;"Eleições Gerais Estaduais 2018";"07/10/2018";"AC";"AC";"ACRE";10000601028;6;61;"Depósito bancário em conta corrente no País";"#NULO#";"8210,34";"28/01/2019";"16:35:08"
"13/11/2024";"10:55:11";2018;2;"Eleição Ordinária";297;"Eleições Gerais Estaduais 2018";"07/10/2018";"AC";"AC";"ACRE";10000602289;6;61;"Depósito bancário em conta corrente no País";"#NULO#";"2626,76";"28/01/2019";"16:33:06"
"13/11/2024";"10:55:11";2018;2;"Eleição Ordinária";297;"Eleições Gerais Estaduais 2018";"07/10/2018";"AC";"AC";"ACRE";10000602308;7;61;"Depósito bancário em conta corrente no País";"#NULO#";"1663,92";"28/01/2019";"16:33:56"
"13/11/2024";"10:55:11";2018;2;"Eleição Ordinária";297;"Eleições Gerais Estaduais 2018";"07/10/2018";"AC";"AC";"ACRE";10000603058;10;61;"Depósito bancário em conta corrente no País";"#NULO#";"8565,20";"08/04/2021";"17:25:19"
"13/11/2024";"10:55:11";2018;2;"Eleição Ordinária";297;"Eleições Gerais Estaduais 2018";"07/10/2018";"AC";"AC";"ACRE";10000603058;16;61;"Depósito bancário em conta corrente no País";"#NULO#";"1167,52";"08/04/2021";"17:25:19"
"13/11/2024";"10:55:11";2018;2;"Eleição Ordinária";297;"Eleições Gerais Estaduais 2018";"07/10/2018";"AC";"AC";"ACRE";10000603060;2;61;"Depósito bancário em conta corrente no País";"#NULO#";"299,47";"08/04/2021";"17:25:19"
"13/11/2024";"10:55:11";2018;2;"Eleição Ordinária";297;"Eleições Gerais Estaduais 2018";"07/10/2018";"AC";"AC";"ACRE";10000603060;3;61;"Depósito bancário em conta corrente no País";"#NULO#";"25167,87";"08/04/2021";"17:25:19"
"13/11/2024";"10:55:11";2018;2;"Eleição Ordinária";297;"Eleições Gerais Estaduais 2018";"07/10/2018";"AC";"AC";"ACRE";10000603061;8;61;"Depósito bancário em conta corrente no País";"#NULO#";"67026,35";"08/04/2021";"17:25:19"
"13/11/2024";"10:55:11";2018;2;"Eleição Ordinária";297;"Eleições Gerais Estaduais 2018";"07/10/2018";"AC";"AC";"ACRE";10000603062;6;61;"Depósito bancário em conta corrente no País";"#NULO#";"33088,26";"08/04/2021";"17:25:19"
"13/11/2024";"10:55:11";2018;2;"Eleição Ordinária";297;"Eleições Gerais Estaduais 2018";"07/10/2018";"AC";"AC";"ACRE";10000603062;9;61;"Depósito bancário em conta corrente no País";"#NULO#";"0,65";"08/04/2021";"17:25:19"
"13/11/2024";"10:55:11";2018;2;"Eleição Ordinária";297;"Eleições Gerais Estaduais 2018";"07/10/2018";"AC";"AC";"ACRE";10000603062;10;61;"Depósito bancário em conta corrente no País";"#NULO#";"35969,27";"08/04/2021";"17:25:19"
"13/11/2024";"10:55:11";2018;2;"Eleição Ordinária";297;"Eleições Gerais Estaduais 2018";"07/10/2018";"AC";"AC";"ACRE";10000603062;15;61;"Depósito bancário em conta corrente no País";"#NULO#";"43,57";"08/04/2021";"17:25:19"
"13/11/2024";"10:55:11";2018;2;"Eleição Ordinária";297;"Eleições Gerais Estaduais 2018";"07/10/2018";"AC";"AC";"ACRE";10000608363;2;61;"Depósito bancário em conta corrente no País";"#NULO#";"3669,04";"28/01/2019";"16:34:20"
"13/11/2024";"10:55:11";2018;2;"Eleição Ordinária";297;"Eleições Gerais Estaduais 2018";"07/10/2018";"AC";"AC";"ACRE";10000608366;3;61;"Depósito bancário em conta corrente no País";"#NULO#";"50,00";"28/01/2019";"16:35:07"
"13/11/2024";"10:55:11";2018;2;"Eleição Ordinária";297;"Eleições Gerais Estaduais 2018";"07/10/2018";"AC";"AC";"ACRE";10000608369;2;61;"Depósito bancário em conta corrente no País";"#NULO#";"14387,35";"28/01/2019";"16:35:07"
"13/11/2024";"10:55:11";2018;2;"Eleição Ordinária";297;"Eleições Gerais Estaduais 2018";"07/10/2018";"AC";"AC";"ACRE";10000608370;6;61;"Depósito bancário em conta corrente no País";"#NULO#";"18,42";"28/01/2019";"16:34:25"
"13/11/2024";"10:55:11";2018;2;"Eleição Ordinária";297;"Eleições Gerais Estaduais 2018";"07/10/2018";"AC";"AC";"ACRE";10000608370;11;61;"Depósito bancário em conta corrente no País";"#NULO#";"1763,98";"28/01/2019";"16:34:25"
"13/11/2024";"10:55:11";2018;2;"Eleição Ordinária";297;"Eleições Gerais Estaduais 2018";"07/10/2018";"AC";"AC";"ACRE";10000608370;13;61;"Depósito bancário em conta corrente no País";"#NULO#";"303,74";"28/01/2019";"16:34:25"
"13/11/2024";"10:55:11";2018;2;"Eleição Ordinária";297;"Eleições Gerais Estaduais 2018";"07/10/2018";"AC";"AC";"ACRE";10000610690;2;64;"Dinheiro em espécie - moeda estrangeira";"#NULO#";"39000,00";"28/01/2019";"16:34:28"
"13/11/2024";"10:55:11";2018;2;"Eleição Ordinária";297;"Eleições Gerais Estaduais 2018";"07/10/2018";"AC";"AC";"ACRE";10000615658;3;26;"Linha telefônica";"#NULO#";"1392,95";"08/04/2021";"17:25:20"
"13/11/2024";"10:55:11";2018;2;"Eleição Ordinária";297;"Eleições Gerais Estaduais 2018";"07/10/2018";"AC";"AC";"ACRE";10000615658;5;26;"Linha telefônica";"#NULO#";"600,00";"08/04/2021";"17:25:20"
"13/11/2024";"10:55:11";2018;2;"Eleição Ordinária";297;"Eleições Gerais Estaduais 2018";"07/10/2018";"AC";"AC";"ACRE";10000600770;5;26;"Linha telefônica";"#NULO#";"1000,00";"28/01/2019";"16:34:19"
"13/11/2024";"10:55:11";2018;2;"Eleição Ordinária";297;"Eleições Gerais Estaduais 2018";"07/10/2018";"AC";"AC";"ACRE";10000600840;4;26;"Linha telefônica";"#NULO#";"1000,00";"28/01/2019";"16:33:18"
"13/11/2024";"10:55:11";2018;2;"Eleição Ordinária";297;"Eleições Gerais Estaduais 2018";"07/10/2018";"AC";"AC";"ACRE";10000608399;3;41;"Caderneta de poupança";"#NULO#";"810,15";"28/01/2019";"16:33:04"
"13/11/2024";"10:55:11";2018;2;"Eleição Ordinária";297;"Eleições Gerais Estaduais 2018";"07/10/2018";"AC";"AC";"ACRE";10000608402;16;41;"Caderneta de poupança";"Letra de crédito imobiliário na Caixa Econômica Federal,  agência 3320-0, conta poupança 00025483-1, operação  001";"200000,00";"28/01/2019";"16:33:05"
"13/11/2024";"10:55:11";2018;2;"Eleição Ordinária";297;"Eleições Gerais Estaduais 2018";"07/10/2018";"AC";"AC";"ACRE";10000608402;19;41;"Caderneta de poupança";"Saldo em conta poupança do Banco do Brasil";"189,40";"28/01/2019";"16:33:05"
"13/11/2024";"10:55:11";2018;2;"Eleição Ordinária";297;"Eleições Gerais Estaduais 2018";"07/10/2018";"AC";"AC";"ACRE";10000610673;3;59;"Outros créditos e poupança vinculados";"#NULO#";"1088,60";"28/01/2019";"16:33:22"
"13/11/2024";"10:55:11";2018;2;"Eleição Ordinária";297;"Eleições Gerais Estaduais 2018";"07/10/2018";"AC";"AC";"ACRE";10000610690;5;59;"Outros créditos e poupança vinculados";"#NULO#";"71,21";"28/01/2019";"16:34:28"
"13/11/2024";"10:55:11";2018;2;"Eleição Ordinária";297;"Eleições Gerais Estaduais 2018";"07/10/2018";"AC";"AC";"ACRE";10000610690;6;59;"Outros créditos e poupança vinculados";"#NULO#";"3138,66";"28/01/2019";"16:34:28"
"13/11/2024";"10:55:11";2018;2;"Eleição Ordinária";297;"Eleições Gerais Estaduais 2018";"07/10/2018";"AC";"AC";"ACRE";10000615657;2;41;"Caderneta de poupança";"#NULO#";"746,29";"08/04/2021";"17:25:19"
"13/11/2024";"10:55:11";2018;2;"Eleição Ordinária";297;"Eleições Gerais Estaduais 2018";"07/10/2018";"AC";"AC";"ACRE";10000615658;6;41;"Caderneta de poupança";"#NULO#";"150,35";"08/04/2021";"17:25:20"
"13/11/2024";"10:55:11";2018;2;"Eleição Ordinária";297;"Eleições Gerais Estaduais 2018";"07/10/2018";"AC";"AC";"ACRE";10000615661;17;41;"Caderneta de poupança";"#NULO#";"1745,04";"08/04/2021";"17:25:20"
"13/11/2024";"10:55:11";2018;2;"Eleição Ordinária";297;"Eleições Gerais Estaduais 2018";"07/10/2018";"AC";"AC";"ACRE";10000615661;18;41;"Caderneta de poupança";"#NULO#";"100378,48";"08/04/2021";"17:25:20"
"13/11/2024";"10:55:11";2018;2;"Eleição Ordinária";297;"Eleições Gerais Estaduais 2018";"07/10/2018";"AC";"AC";"ACRE";10000615661;23;41;"Caderneta de poupança";"#NULO#";"436,47";"08/04/2021";"17:25:20"
"13/11/2024";"10:55:11";2018;2;"Eleição Ordinária";297;"Eleições Gerais Estaduais 2018";"07/10/2018";"AC";"AC";"ACRE";10000624289;20;41;"Caderneta de poupança";"#NULO#";"39520,96";"28/01/2019";"16:34:43"
"13/11/2024";"10:55:11";2018;2;"Eleição Ordinária";297;"Eleições Gerais Estaduais 2018";"07/10/2018";"AC";"AC";"ACRE";10000624305;11;41;"Caderneta de poupança";"#NULO#";"118,84";"28/01/2019";"16:34:28"
"13/11/2024";"10:55:11";2018;2;"Eleição Ordinária";297;"Eleições Gerais Estaduais 2018";"07/10/2018";"AC";"AC";"ACRE";10000602308;6;41;"Caderneta de poupança";"#NULO#";"1141,39";"28/01/2019";"16:33:56"
"13/11/2024";"10:55:11";2018;2;"Eleição Ordinária";297;"Eleições Gerais Estaduais 2018";"07/10/2018";"AC";"AC";"ACRE";10000602308;8;41;"Caderneta de poupança";"#NULO#";"5807,43";"28/01/2019";"16:33:56"
"13/11/2024";"10:55:11";2018;2;"Eleição Ordinária";297;"Eleições Gerais Estaduais 2018";"07/10/2018";"AC";"AC";"ACRE";10000602308;9;41;"Caderneta de poupança";"#NULO#";"192,29";"28/01/2019";"16:33:56"
"13/11/2024";"10:55:11";2018;2;"Eleição Ordinária";297;"Eleições Gerais Estaduais 2018";"07/10/2018";"AC";"AC";"ACRE";10000602520;10;41;"Caderneta de poupança";"#NULO#";"5243,19";"28/01/2019";"16:33:14"
"13/11/2024";"10:55:11";2018;2;"Eleição Ordinária";297;"Eleições Gerais Estaduais 2018";"07/10/2018";"AC";"AC";"ACRE";10000602523;9;59;"Outros créditos e poupança vinculados";"#NULO#";"103,97";"28/01/2019";"16:33:16"
"13/11/2024";"10:55:11";2018;2;"Eleição Ordinária";297;"Eleições Gerais Estaduais 2018";"07/10/2018";"AC";"AC";"ACRE";10000602523;10;59;"Outros créditos e poupança vinculados";"#NULO#";"2151,92";"28/01/2019";"16:33:16"
"13/11/2024";"10:55:11";2018;2;"Eleição Ordinária";297;"Eleições Gerais Estaduais 2018";"07/10/2018";"AC";"AC";"ACRE";10000602846;2;41;"Caderneta de poupança";"#NULO#";"1,54";"28/01/2019";"16:34:25"
"13/11/2024";"10:55:11";2018;2;"Eleição Ordinária";297;"Eleições Gerais Estaduais 2018";"07/10/2018";"AC";"AC";"ACRE";10000603056;2;41;"Caderneta de poupança";"#NULO#";"212,38";"08/04/2021";"17:25:19"
"13/11/2024";"10:55:11";2018;2;"Eleição Ordinária";297;"Eleições Gerais Estaduais 2018";"07/10/2018";"AC";"AC";"ACRE";10000603056;5;59;"Outros créditos e poupança vinculados";"#NULO#";"349000,00";"08/04/2021";"17:25:19"
"13/11/2024";"10:55:11";2018;2;"Eleição Ordinária";297;"Eleições Gerais Estaduais 2018";"07/10/2018";"AC";"AC";"ACRE";10000603056;6;59;"Outros créditos e poupança vinculados";"#NULO#";"870000,00";"08/04/2021";"17:25:19"
"13/11/2024";"10:55:11";2018;2;"Eleição Ordinária";297;"Eleições Gerais Estaduais 2018";"07/10/2018";"AC";"AC";"ACRE";10000603058;8;41;"Caderneta de poupança";"#NULO#";"26202,32";"08/04/2021";"17:25:19"
"13/11/2024";"10:55:11";2018;2;"Eleição Ordinária";297;"Eleições Gerais Estaduais 2018";"07/10/2018";"AC";"AC";"ACRE";10000603060;7;41;"Caderneta de poupança";"#NULO#";"115283,80";"08/04/2021";"17:25:19"
"13/11/2024";"10:55:11";2018;2;"Eleição Ordinária";297;"Eleições Gerais Estaduais 2018";"07/10/2018";"AC";"AC";"ACRE";10000603060;8;41;"Caderneta de poupança";"#NULO#";"492,62";"08/04/2021";"17:25:19"
"13/11/2024";"10:55:11";2018;2;"Eleição Ordinária";297;"Eleições Gerais Estaduais 2018";"07/10/2018";"AC";"AC";"ACRE";10000603060;9;41;"Caderneta de poupança";"#NULO#";"2008,55";"08/04/2021";"17:25:19"
"13/11/2024";"10:55:11";2018;2;"Eleição Ordinária";297;"Eleições Gerais Estaduais 2018";"07/10/2018";"AC";"AC";"ACRE";10000603905;5;59;"Outros créditos e poupança vinculados";"#NULO#";"89103,96";"28/01/2019";"16:33:59"
"13/11/2024";"10:55:11";2018;2;"Eleição Ordinária";297;"Eleições Gerais Estaduais 2018";"07/10/2018";"AC";"AC";"ACRE";10000603905;8;59;"Outros créditos e poupança vinculados";"#NULO#";"48084,59";"28/01/2019";"16:33:59"
"13/11/2024";"10:55:11";2018;2;"Eleição Ordinária";297;"Eleições Gerais Estaduais 2018";"07/10/2018";"AC";"AC";"ACRE";10000603906;11;59;"Outros créditos e poupança vinculados";"#NULO#";"109,24";"28/01/2019";"16:34:22"
"13/11/2024";"10:55:11";2018;2;"Eleição Ordinária";297;"Eleições Gerais Estaduais 2018";"07/10/2018";"AC";"AC";"ACRE";10000604764;7;41;"Caderneta de poupança";"CAIXA ECONÔMICA FEDERAL POUPANÇA.";"23,53";"28/01/2019";"16:34:01"
"13/11/2024";"10:55:11";2018;2;"Eleição Ordinária";297;"Eleições Gerais Estaduais 2018";"07/10/2018";"AC";"AC";"ACRE";10000608365;9;41;"Caderneta de poupança";"#NULO#";"70083,22";"28/01/2019";"16:34:20"
"13/11/2024";"10:55:11";2018;2;"Eleição Ordinária";297;"Eleições Gerais Estaduais 2018";"07/10/2018";"AC";"AC";"ACRE";10000608366;5;41;"Caderneta de poupança";"#NULO#";"604,23";"28/01/2019";"16:35:07"
"13/11/2024";"10:55:11";2018;2;"Eleição Ordinária";297;"Eleições Gerais Estaduais 2018";"07/10/2018";"AC";"AC";"ACRE";10000608370;12;41;"Caderneta de poupança";"#NULO#";"238,15";"28/01/2019";"16:34:25"
"13/11/2024";"10:55:11";2018;2;"Eleição Ordinária";297;"Eleições Gerais Estaduais 2018";"07/10/2018";"AC";"AC";"ACRE";10000610634;3;99;"OUTROS BENS E DIREITOS";"#NULO#";"8000,00";"28/01/2019";"16:34:26"
"13/11/2024";"10:55:11";2018;2;"Eleição Ordinária";297;"Eleições Gerais Estaduais 2018";"07/10/2018";"AC";"AC";"ACRE";10000610637;2;99;"OUTROS BENS E DIREITOS";"#NULO#";"17358,14";"28/01/2019";"16:34:15"
"13/11/2024";"10:55:11";2018;2;"Eleição Ordinária";297;"Eleições Gerais Estaduais 2018";"07/10/2018";"AC";"AC";"ACRE";10000610628;2;99;"OUTROS BENS E DIREITOS";"#NULO#";"34000,00";"28/01/2019";"16:33:23"
"13/11/2024";"10:55:11";2018;2;"Eleição Ordinária";297;"Eleições Gerais Estaduais 2018";"07/10/2018";"AC";"AC";"ACRE";10000610628;5;99;"OUTROS BENS E DIREITOS";"#NULO#";"400000,00";"28/01/2019";"16:33:23"
"13/11/2024";"10:55:11";2018;2;"Eleição Ordinária";297;"Eleições Gerais Estaduais 2018";"07/10/2018";"AC";"AC";"ACRE";10000610667;2;99;"OUTROS BENS E DIREITOS";"#NULO#";"300000,00";"28/01/2019";"16:34:12"
"13/11/2024";"10:55:11";2018;2;"Eleição Ordinária";297;"Eleições Gerais Estaduais 2018";"07/10/2018";"AC";"AC";"ACRE";10000610667;7;99;"OUTROS BENS E DIREITOS";"#NULO#";"32000,00";"28/01/2019";"16:34:12"
"13/11/2024";"10:55:11";2018;2;"Eleição Ordinária";297;"Eleições Gerais Estaduais 2018";"07/10/2018";"AC";"AC";"ACRE";10000610690;1;99;"OUTROS BENS E DIREITOS";"#NULO#";"5000,00";"28/01/2019";"16:34:28"
"13/11/2024";"10:55:11";2018;2;"Eleição Ordinária";297;"Eleições Gerais Estaduais 2018";"07/10/2018";"AC";"AC";"ACRE";10000610690;3;99;"OUTROS BENS E DIREITOS";"#NULO#";"50000,00";"28/01/2019";"16:34:28"
"13/11/2024";"10:55:11";2018;2;"Eleição Ordinária";297;"Eleições Gerais Estaduais 2018";"07/10/2018";"AC";"AC";"ACRE";10000610690;4;99;"OUTROS BENS E DIREITOS";"#NULO#";"150000,00";"28/01/2019";"16:34:28"
"13/11/2024";"10:55:11";2018;2;"Eleição Ordinária";297;"Eleições Gerais Estaduais 2018";"07/10/2018";"AC";"AC";"ACRE";10000610698;1;99;"OUTROS BENS E DIREITOS";"#NULO#";"959372,47";"28/01/2019";"16:34:17"
"13/11/2024";"10:55:11";2018;2;"Eleição Ordinária";297;"Eleições Gerais Estaduais 2018";"07/10/2018";"AC";"AC";"ACRE";10000624310;3;99;"OUTROS BENS E DIREITOS";"#NULO#";"300000,00";"28/01/2019";"16:35:05"
"13/11/2024";"10:55:11";2018;2;"Eleição Ordinária";297;"Eleições Gerais Estaduais 2018";"07/10/2018";"AC";"AC";"ACRE";10000600240;1;99;"OUTROS BENS E DIREITOS";"#NULO#";"1750000,00";"28/01/2019";"16:35:00"
"13/11/2024";"10:55:11";2018;2;"Eleição Ordinária";297;"Eleições Gerais Estaduais 2018";"07/10/2018";"AC";"AC";"ACRE";10000602520;8;99;"OUTROS BENS E DIREITOS";"#NULO#";"390400,00";"28/01/2019";"16:33:14"
"13/11/2024";"10:55:11";2018;2;"Eleição Ordinária";297;"Eleições Gerais Estaduais 2018";"07/10/2018";"AC";"AC";"ACRE";10000602520;9;99;"OUTROS BENS E DIREITOS";"#NULO#";"11800,00";"28/01/2019";"16:33:14"
"13/11/2024";"10:55:11";2018;2;"Eleição Ordinária";297;"Eleições Gerais Estaduais 2018";"07/10/2018";"AC";"AC";"ACRE";10000603911;3;99;"OUTROS BENS E DIREITOS";"#NULO#";"236,01";"28/01/2019";"16:34:38"
"13/11/2024";"10:55:11";2018;2;"Eleição Ordinária";297;"Eleições Gerais Estaduais 2018";"07/10/2018";"AC";"AC";"ACRE";10000607182;1;99;"OUTROS BENS E DIREITOS";"#NULO#";"3000,00";"28/01/2019";"16:34:17"
"13/11/2024";"10:55:11";2018;2;"Eleição Ordinária";297;"Eleições Gerais Estaduais 2018";"07/10/2018";"AC";"AC";"ACRE";10000600246;9;46;"Ouro, ativo financeiro";"#NULO#";"16969,84";"28/01/2019";"16:33:19"
"13/11/2024";"10:55:11";2018;2;"Eleição Ordinária";297;"Eleições Gerais Estaduais 2018";"07/10/2018";"AC";"AC";"ACRE";10000600246;10;46;"Ouro, ativo financeiro";"#NULO#";"31345,86";"28/01/2019";"16:33:19"
"13/11/2024";"10:55:11";2018;2;"Eleição Ordinária";297;"Eleições Gerais Estaduais 2018";"07/10/2018";"AC";"AC";"ACRE";10000600246;11;46;"Ouro, ativo financeiro";"#NULO#";"216,04";"28/01/2019";"16:33:19"
"13/11/2024";"10:55:11";2018;2;"Eleição Ordinária";297;"Eleições Gerais Estaduais 2018";"07/10/2018";"AC";"AC";"ACRE";10000615661;7;51;"Crédito decorrente de empréstimo";"#NULO#";"280000,00";"08/04/2021";"17:25:20"
"13/11/2024";"10:55:11";2018;2;"Eleição Ordinária";297;"Eleições Gerais Estaduais 2018";"07/10/2018";"AC";"AC";"ACRE";10000615661;8;51;"Crédito decorrente de empréstimo";"#NULO#";"320000,00";"08/04/2021";"17:25:20"
"13/11/2024";"10:55:11";2018;2;"Eleição Ordinária";297;"Eleições Gerais Estaduais 2018";"07/10/2018";"AC";"AC";"ACRE";10000615661;10;51;"Crédito decorrente de empréstimo";"#NULO#";"200000,00";"08/04/2021";"17:25:20"
"13/11/2024";"10:55:11";2018;2;"Eleição Ordinária";297;"Eleições Gerais Estaduais 2018";"07/10/2018";"AC";"AC";"ACRE";10000615661;11;51;"Crédito decorrente de empréstimo";"#NULO#";"500000,00";"08/04/2021";"17:25:20"
"13/11/2024";"10:55:11";2018;2;"Eleição Ordinária";297;"Eleições Gerais Estaduais 2018";"07/10/2018";"AC";"AC";"ACRE";10000602523;14;51;"Crédito decorrente de empréstimo";"#NULO#";"21208,80";"28/01/2019";"16:33:16"
"13/11/2024";"10:55:11";2018;2;"Eleição Ordinária";297;"Eleições Gerais Estaduais 2018";"07/10/2018";"AC";"AC";"ACRE";10000602523;15;51;"Crédito decorrente de empréstimo";"#NULO#";"21731,76";"28/01/2019";"16:33:16"
"13/11/2024";"10:55:11";2018;2;"Eleição Ordinária";297;"Eleições Gerais Estaduais 2018";"07/10/2018";"AC";"AC";"ACRE";10000603061;3;51;"Crédito decorrente de empréstimo";"#NULO#";"1500000,00";"08/04/2021";"17:25:19"
"13/11/2024";"10:55:11";2018;2;"Eleição Ordinária";297;"Eleições Gerais Estaduais 2018";"07/10/2018";"AC";"AC";"ACRE";10000603061;5;51;"Crédito decorrente de empréstimo";"#NULO#";"900000,00";"08/04/2021";"17:25:19"
"13/11/2024";"10:55:11";2018;2;"Eleição Ordinária";297;"Eleições Gerais Estaduais 2018";"07/10/2018";"AC";"AC";"ACRE";10000610633;2;19;"Outros bens imóveis";"#NULO#";"50000,00";"28/01/2019";"16:34:55"
"13/11/2024";"10:55:11";2018;2;"Eleição Ordinária";297;"Eleições Gerais Estaduais 2018";"07/10/2018";"AC";"AC";"ACRE";10000610677;5;19;"Outros bens imóveis";"#NULO#";"942700,00";"28/01/2019";"16:34:17"
"13/11/2024";"10:55:11";2018;2;"Eleição Ordinária";297;"Eleições Gerais Estaduais 2018";"07/10/2018";"AC";"AC";"ACRE";10000610692;3;19;"Outros bens imóveis";"#NULO#";"400000,00";"28/01/2019";"16:34:22"
"13/11/2024";"10:55:11";2018;2;"Eleição Ordinária";297;"Eleições Gerais Estaduais 2018";"07/10/2018";"AC";"AC";"ACRE";10000624273;1;19;"Outros bens imóveis";"#NULO#";"250000,00";"28/01/2019";"16:33:54"
"13/11/2024";"10:55:11";2018;2;"Eleição Ordinária";297;"Eleições Gerais Estaduais 2018";"07/10/2018";"AC";"AC";"ACRE";10000624298;2;19;"Outros bens imóveis";"#NULO#";"250000,00";"28/01/2019";"16:35:11"
"13/11/2024";"10:55:11";2018;2;"Eleição Ordinária";297;"Eleições Gerais Estaduais 2018";"07/10/2018";"AC";"AC";"ACRE";10000600005;2;19;"Outros bens imóveis";"#NULO#";"100000,00";"17/09/2018";"19:36:10"
"13/11/2024";"10:55:11";2018;2;"Eleição Ordinária";297;"Eleições Gerais Estaduais 2018";"07/10/2018";"AC";"AC";"ACRE";10000600132;4;19;"Outros bens imóveis";"#NULO#";"130000,00";"28/01/2019";"16:33:54"
"13/11/2024";"10:55:11";2018;2;"Eleição Ordinária";297;"Eleições Gerais Estaduais 2018";"07/10/2018";"AC";"AC";"ACRE";10000600137;2;19;"Outros bens imóveis";"#NULO#";"300000,00";"28/01/2019";"16:35:10"
"13/11/2024";"10:55:11";2018;2;"Eleição Ordinária";297;"Eleições Gerais Estaduais 2018";"07/10/2018";"AC";"AC";"ACRE";10000600154;4;19;"Outros bens imóveis";"#NULO#";"1000000000,00";"17/09/2018";"19:36:12"
"13/11/2024";"10:55:11";2018;2;"Eleição Ordinária";297;"Eleições Gerais Estaduais 2018";"07/10/2018";"AC";"AC";"ACRE";10000600232;2;19;"Outros bens imóveis";"#NULO#";"79000,00";"28/01/2019";"16:33:15"
"13/11/2024";"10:55:11";2018;2;"Eleição Ordinária";297;"Eleições Gerais Estaduais 2018";"07/10/2018";"AC";"AC";"ACRE";10000600232;3;19;"Outros bens imóveis";"#NULO#";"15000,00";"28/01/2019";"16:33:15"
"13/11/2024";"10:55:11";2018;2;"Eleição Ordinária";297;"Eleições Gerais Estaduais 2018";"07/10/2018";"AC";"AC";"ACRE";10000601019;3;19;"Outros bens imóveis";"#NULO#";"70000,00";"28/01/2019";"16:33:57"
"13/11/2024";"10:55:11";2018;2;"Eleição Ordinária";297;"Eleições Gerais Estaduais 2018";"07/10/2018";"AC";"AC";"ACRE";10000601028;3;19;"Outros bens imóveis";"#NULO#";"90000,00";"28/01/2019";"16:35:08"
"13/11/2024";"10:55:11";2018;2;"Eleição Ordinária";297;"Eleições Gerais Estaduais 2018";"07/10/2018";"AC";"AC";"ACRE";10000601040;1;19;"Outros bens imóveis";"#NULO#";"15000,00";"28/01/2019";"16:34:34"
"13/11/2024";"10:55:11";2018;2;"Eleição Ordinária";297;"Eleições Gerais Estaduais 2018";"07/10/2018";"AC";"AC";"ACRE";10000602523;1;19;"Outros bens imóveis";"#NULO#";"270000,00";"28/01/2019";"16:33:16"
"13/11/2024";"10:55:11";2018;2;"Eleição Ordinária";297;"Eleições Gerais Estaduais 2018";"07/10/2018";"AC";"AC";"ACRE";10000603058;12;19;"Outros bens imóveis";"#NULO#";"36000,00";"08/04/2021";"17:25:19"
"13/11/2024";"10:55:11";2018;2;"Eleição Ordinária";297;"Eleições Gerais Estaduais 2018";"07/10/2018";"AC";"AC";"ACRE";10000603058;13;19;"Outros bens imóveis";"#NULO#";"55000,00";"08/04/2021";"17:25:19"
"13/11/2024";"10:55:11";2018;2;"Eleição Ordinária";297;"Eleições Gerais Estaduais 2018";"07/10/2018";"AC";"AC";"ACRE";10000603058;15;19;"Outros bens imóveis";"#NULO#";"28000,00";"08/04/2021";"17:25:19"
"13/11/2024";"10:55:11";2018;2;"Eleição Ordinária";297;"Eleições Gerais Estaduais 2018";"07/10/2018";"AC";"AC";"ACRE";10000603059;1;19;"Outros bens imóveis";"#NULO#";"3465794,63";"08/04/2021";"17:25:19"
"13/11/2024";"10:55:11";2018;2;"Eleição Ordinária";297;"Eleições Gerais Estaduais 2018";"07/10/2018";"AC";"AC";"ACRE";10000603905;2;19;"Outros bens imóveis";"#NULO#";"120000,00";"28/01/2019";"16:33:59"
"13/11/2024";"10:55:11";2018;2;"Eleição Ordinária";297;"Eleições Gerais Estaduais 2018";"07/10/2018";"AC";"AC";"ACRE";10000603906;2;19;"Outros bens imóveis";"#NULO#";"200000,00";"28/01/2019";"16:34:22"
"13/11/2024";"10:55:11";2018;2;"Eleição Ordinária";297;"Eleições Gerais Estaduais 2018";"07/10/2018";"AC";"AC";"ACRE";10000603906;3;19;"Outros bens imóveis";"#NULO#";"500000,00";"28/01/2019";"16:34:22"
"13/11/2024";"10:55:11";2018;2;"Eleição Ordinária";297;"Eleições Gerais Estaduais 2018";"07/10/2018";"AC";"AC";"ACRE";10000603906;10;19;"Outros bens imóveis";"#NULO#";"263000,00";"28/01/2019";"16:34:22"
"13/11/2024";"10:55:11";2018;2;"Eleição Ordinária";297;"Eleições Gerais Estaduais 2018";"07/10/2018";"AC";"AC";"ACRE";10000603908;2;19;"Outros bens imóveis";"#NULO#";"120000,00";"28/01/2019";"16:34:23"
"13/11/2024";"10:55:11";2018;2;"Eleição Ordinária";297;"Eleições Gerais Estaduais 2018";"07/10/2018";"AC";"AC";"ACRE";10000603918;2;19;"Outros bens imóveis";"#NULO#";"120000,00";"28/01/2019";"16:34:38"
"13/11/2024";"10:55:11";2018;2;"Eleição Ordinária";297;"Eleições Gerais Estaduais 2018";"07/10/2018";"AC";"AC";"ACRE";10000608373;2;19;"Outros bens imóveis";"#NULO#";"200000,00";"28/01/2019";"16:34:45"
"13/11/2024";"10:55:11";2018;2;"Eleição Ordinária";297;"Eleições Gerais Estaduais 2018";"07/10/2018";"AC";"AC";"ACRE";10000608375;1;19;"Outros bens imóveis";"#NULO#";"70000,00";"28/01/2019";"16:34:21"
"13/11/2024";"10:55:11";2018;2;"Eleição Ordinária";297;"Eleições Gerais Estaduais 2018";"07/10/2018";"AC";"AC";"ACRE";10000608377;1;19;"Outros bens imóveis";"#NULO#";"180000,00";"28/01/2019";"16:34:21"
